----------------------------------------
mutation_probability: 10
crossover_probability: 60
parent_ratio: 2
tournament_size: 20
population_size: 2000
n_positions: 10
dimensions: 3
min: 0
max: 100
roulette_selection_used: false
----------------------------------------
Generation 0: Best fitness = 168491
Individual positions: [83 3 51 ] [66 42 10 ] [94 92 54 ] [34 47 37 ] [84 31 45 ] [27 98 29 ] [73 56 19 ] [76 83 39 ] [50 89 2 ] [99 57 5 ] 
Individual lux values: 0.732017 0.405591 0.27958 0.568743 0.682241 0.755852 0.721915 0.475295 0.12302 0.367809 
Generation 1: Best fitness = 88620.2
Individual positions: [79 86 41 ] [81 87 48 ] [80 32 42 ] [57 63 41 ] [88 70 37 ] [62 91 8 ] [90 61 14 ] [62 46 34 ] [99 83 19 ] [81 78 27 ] 
Individual lux values: 0.66216 0.887234 0.798059 0.223121 0.412885 0.777398 0.487075 0.578143 0.640736 0.998993 
Generation 2: Best fitness = 70493.8
Individual positions: [79 86 41 ] [42 84 9 ] [77 97 17 ] [57 63 41 ] [67 72 4 ] [92 91 23 ] [94 62 26 ] [73 82 42 ] [85 73 1 ] [96 46 40 ] 
Individual lux values: 0.925779 0.887234 0.584704 0.655751 0.973022 0.199103 0.650746 0.499527 0.526475 0.732139 
Generation 3: Best fitness = 55079.4
Individual positions: [87 71 4 ] [55 77 56 ] [77 97 17 ] [58 72 38 ] [69 72 24 ] [90 94 6 ] [90 61 14 ] [76 83 39 ] [85 73 1 ] [99 67 4 ] 
Individual lux values: 0.810785 0.893063 0.432264 0.556261 0.829524 0.199103 0.412854 0.528764 0.0910062 0.90817 
Generation 4: Best fitness = 35830.9
Individual positions: [96 66 0 ] [45 94 18 ] [77 97 17 ] [79 50 18 ] [72 95 12 ] [90 94 6 ] [80 68 5 ] [90 78 20 ] [99 83 19 ] [99 67 4 ] 
Individual lux values: 0.732017 0.0396741 0.957884 9.26664 0.525468 9.25565 0.35609 0.902829 0.999084 0.158422 
Generation 5: Best fitness = 27755.3
Individual positions: [87 71 4 ] [69 84 19 ] [77 97 17 ] [87 54 3 ] [72 95 12 ] [62 91 8 ] [80 68 5 ] [90 78 20 ] [81 96 11 ] [89 73 19 ] 
Individual lux values: 0.981903 0.0396741 0.957884 9.26664 0.525468 0.742882 0.851833 0.0913724 0.9906 0.90817 
Generation 6: Best fitness = 23013.1
Individual positions: [87 71 4 ] [69 84 19 ] [77 97 17 ] [87 54 3 ] [72 95 12 ] [90 94 6 ] [79 93 16 ] [90 78 20 ] [99 83 19 ] [89 73 19 ] 
Individual lux values: 0.925779 0.0396741 0.895657 9.26664 0.525468 0.742882 0.0828272 0.902829 0.9906 0.90817 
Generation 7: Best fitness = 21916.5
Individual positions: [87 71 4 ] [69 84 19 ] [77 97 17 ] [87 54 3 ] [72 95 12 ] [90 94 6 ] [79 93 16 ] [90 78 20 ] [96 92 0 ] [89 73 19 ] 
Individual lux values: 0.925779 0.0396741 7.75048 0.556261 0.973022 0.0880459 0.851833 0.0913724 0.9906 0.0637532 
Generation 8: Best fitness = 20568.9
Individual positions: [87 71 4 ] [69 84 19 ] [99 90 12 ] [87 54 3 ] [72 95 12 ] [90 94 6 ] [79 93 16 ] [90 78 20 ] [96 92 0 ] [89 73 19 ] 
Individual lux values: 0.925779 0.0396741 0.957884 0.556261 0.525468 0.0880459 5.79577 0.791162 0.9906 0.90817 
Generation 9: Best fitness = 16289.8
Individual positions: [87 71 4 ] [69 84 19 ] [77 97 17 ] [93 96 3 ] [72 95 12 ] [90 94 6 ] [79 93 16 ] [90 78 20 ] [96 92 0 ] [89 73 19 ] 
Individual lux values: 0.925779 0.0396741 0.27958 7.77184 7.59819 0.0880459 0.35609 0.902829 0.9906 0.90817 
Generation 10: Best fitness = 16082.9
Individual positions: [87 71 4 ] [69 84 19 ] [99 90 12 ] [94 93 22 ] [72 95 12 ] [90 94 6 ] [79 93 16 ] [90 78 20 ] [96 92 0 ] [89 73 19 ] 
Individual lux values: 0.925779 0.851009 7.8988 6.74551 0.259407 0.907712 0.20893 0.757286 9.22697 0.90817 
Generation 11: Best fitness = 15243.6
Individual positions: [87 71 4 ] [69 84 19 ] [99 90 12 ] [94 93 22 ] [72 95 12 ] [90 94 6 ] [79 93 16 ] [93 98 15 ] [96 92 0 ] [89 73 19 ] 
Individual lux values: 0.925779 0.0396741 0.957884 4.75387 0.973022 9.25565 5.79577 0.791162 0.9906 0.0637532 
Generation 12: Best fitness = 15185.3
Individual positions: [87 71 4 ] [69 84 19 ] [99 90 12 ] [94 93 22 ] [72 95 12 ] [90 94 6 ] [79 93 16 ] [93 98 15 ] [96 92 0 ] [89 73 19 ] 
Individual lux values: 0.834468 0.851009 7.8988 9.26664 1.23814 9.74883 5.79577 6.67531 0.9906 0.998993 
Generation 13: Best fitness = 15168.9
Individual positions: [87 71 4 ] [69 84 19 ] [99 90 12 ] [94 93 22 ] [72 95 12 ] [90 94 6 ] [79 93 16 ] [93 98 15 ] [96 92 0 ] [89 73 19 ] 
Individual lux values: 0.925779 6.81387 7.75048 9.26664 0.973022 9.25565 5.79577 6.67531 0.999084 0.998993 
Generation 14: Best fitness = 15145.3
Individual positions: [87 71 4 ] [69 84 19 ] [99 90 12 ] [94 93 22 ] [72 95 12 ] [90 94 6 ] [79 93 16 ] [93 98 15 ] [96 92 0 ] [89 73 19 ] 
Individual lux values: 0.925779 8.0987 7.92444 9.26664 8.14753 9.25565 5.79577 6.67531 0.999084 0.221778 
Generation 15: Best fitness = 15120
Individual positions: [87 71 4 ] [69 84 19 ] [99 90 12 ] [94 93 22 ] [72 95 12 ] [90 94 6 ] [79 93 16 ] [93 98 15 ] [96 92 0 ] [89 73 19 ] 
Individual lux values: 6.73086 8.25861 8.97946 9.26664 8.14753 9.25565 5.79577 8.26838 0.9906 0.0637532 
Generation 16: Best fitness = 15098.9
Individual positions: [87 71 4 ] [69 84 19 ] [99 90 12 ] [94 93 22 ] [72 95 12 ] [90 94 6 ] [79 93 16 ] [93 98 15 ] [96 92 0 ] [89 73 19 ] 
Individual lux values: 6.73086 8.79147 7.8988 9.26664 8.14753 9.25565 5.79577 6.67531 9.22697 0.998993 
Generation 17: Best fitness = 15086.7
Individual positions: [87 71 4 ] [69 84 19 ] [99 90 12 ] [94 93 22 ] [72 95 12 ] [90 94 6 ] [79 93 16 ] [93 98 15 ] [96 92 0 ] [89 73 19 ] 
Individual lux values: 6.73086 8.79147 7.75048 9.26664 8.14753 9.25565 8.39961 8.26838 9.22697 0.998993 
Generation 18: Best fitness = 15081.6
Individual positions: [87 71 4 ] [69 84 19 ] [99 90 12 ] [94 93 22 ] [72 95 12 ] [90 94 6 ] [79 93 16 ] [93 98 15 ] [96 92 0 ] [89 73 19 ] 
Individual lux values: 6.73086 8.79147 7.75048 9.26664 8.14753 9.25565 8.39961 9.99023 9.22697 0.998993 
Generation 19: Best fitness = 14139.3
Individual positions: [82 96 3 ] [69 84 19 ] [99 90 12 ] [94 93 22 ] [72 95 12 ] [90 94 6 ] [79 93 16 ] [93 98 15 ] [96 92 0 ] [89 73 19 ] 
Individual lux values: 6.92251 7.35008 1.32786 0.695822 2.43019 1.4771 5.29374 6.67531 9.22697 0.221778 
Generation 20: Best fitness = 13131
Individual positions: [87 71 4 ] [81 99 15 ] [99 90 12 ] [94 93 22 ] [72 95 12 ] [90 94 6 ] [79 93 16 ] [93 98 15 ] [96 92 0 ] [89 73 19 ] 
Individual lux values: 6.73086 8.79147 8.97946 9.26664 8.14753 9.25565 8.39961 8.26838 9.22697 0.90817 
Generation 21: Best fitness = 12902.8
Individual positions: [76 80 8 ] [81 99 15 ] [99 90 12 ] [94 93 22 ] [71 89 8 ] [90 94 6 ] [79 93 16 ] [93 98 15 ] [96 92 0 ] [89 73 19 ] 
Individual lux values: 2.0069 8.79147 8.97946 9.26664 9.10184 9.25565 3.32865 8.26838 9.22697 0.998993 
Generation 22: Best fitness = 11946.6
Individual positions: [82 96 3 ] [81 99 15 ] [99 90 12 ] [94 93 22 ] [71 89 8 ] [90 94 6 ] [79 93 16 ] [93 98 15 ] [96 92 0 ] [89 73 19 ] 
Individual lux values: 6.73086 8.79147 8.97946 9.26664 9.10184 9.25565 8.39961 8.26838 9.22697 0.90817 
Generation 23: Best fitness = 11937.3
Individual positions: [82 96 3 ] [81 99 15 ] [99 90 12 ] [94 93 22 ] [71 89 8 ] [90 94 6 ] [79 93 16 ] [93 98 15 ] [96 92 0 ] [89 73 19 ] 
Individual lux values: 6.73086 8.79147 8.97946 9.26664 9.10184 9.25565 9.69787 9.99023 9.22697 0.998993 
Generation 24: Best fitness = 11937.3
Individual positions: [82 96 3 ] [81 99 15 ] [99 90 12 ] [94 93 22 ] [71 89 8 ] [90 94 6 ] [79 93 16 ] [93 98 15 ] [96 92 0 ] [89 73 19 ] 
Individual lux values: 6.73086 8.79147 8.97946 9.26664 9.10184 9.25565 9.69787 9.99023 9.22697 0.998993 
Generation 25: Best fitness = 11934.5
Individual positions: [82 96 3 ] [81 99 15 ] [99 90 12 ] [94 93 22 ] [71 89 8 ] [90 94 6 ] [79 93 16 ] [93 98 15 ] [96 92 0 ] [89 73 19 ] 
Individual lux values: 6.84591 8.79147 8.97946 9.26664 9.92462 9.25565 9.69787 9.99023 9.22697 0.998993 
Generation 26: Best fitness = 10711.2
Individual positions: [82 96 3 ] [81 99 15 ] [99 90 12 ] [91 85 2 ] [71 89 8 ] [90 94 6 ] [79 93 16 ] [93 98 15 ] [96 92 0 ] [89 73 19 ] 
Individual lux values: 6.73086 2.75765 8.97946 9.26664 9.10184 9.25565 9.69787 9.99023 9.22697 0.998993 
Generation 27: Best fitness = 10693
Individual positions: [82 96 3 ] [81 99 15 ] [99 90 12 ] [91 85 2 ] [71 89 8 ] [90 94 6 ] [79 93 16 ] [93 98 15 ] [96 92 0 ] [89 73 19 ] 
Individual lux values: 6.84591 8.79147 8.97946 9.26664 9.10184 9.25565 9.69787 9.99023 9.22697 0.90817 
Generation 28: Best fitness = 10689.2
Individual positions: [82 96 3 ] [81 99 15 ] [99 90 12 ] [91 85 2 ] [71 89 8 ] [90 94 6 ] [79 93 16 ] [93 98 15 ] [96 92 0 ] [89 73 19 ] 
Individual lux values: 6.84591 8.79147 8.97946 9.62737 9.92462 9.25565 9.69787 9.99023 9.22697 0.998993 
Generation 29: Best fitness = 10684.7
Individual positions: [82 96 3 ] [81 99 15 ] [99 90 12 ] [91 85 2 ] [71 89 8 ] [90 94 6 ] [79 93 16 ] [93 98 15 ] [96 92 0 ] [89 73 19 ] 
Individual lux values: 8.69778 8.79147 8.97946 9.26664 9.92462 9.25565 9.69787 9.99023 9.22697 0.998993 
Generation 30: Best fitness = 10681.4
Individual positions: [82 96 3 ] [81 99 15 ] [99 90 12 ] [91 85 2 ] [71 89 8 ] [90 94 6 ] [79 93 16 ] [93 98 15 ] [96 92 0 ] [89 73 19 ] 
Individual lux values: 8.69778 8.79147 8.97946 9.62737 9.92462 9.25565 9.69787 9.99023 9.97284 0.998993 
Generation 31: Best fitness = 10681.4
Individual positions: [82 96 3 ] [81 99 15 ] [99 90 12 ] [91 85 2 ] [71 89 8 ] [90 94 6 ] [79 93 16 ] [93 98 15 ] [96 92 0 ] [89 73 19 ] 
Individual lux values: 8.69778 8.79147 8.97946 9.62737 9.92462 9.25565 9.69787 9.99023 9.97284 0.998993 
Generation 32: Best fitness = 10681.4
Individual positions: [82 96 3 ] [81 99 15 ] [99 90 12 ] [91 85 2 ] [71 89 8 ] [90 94 6 ] [79 93 16 ] [93 98 15 ] [96 92 0 ] [89 73 19 ] 
Individual lux values: 8.69778 8.79147 8.97946 9.62737 9.92462 9.25565 9.69787 9.99023 9.97284 0.998993 
Generation 33: Best fitness = 9872.64
Individual positions: [82 96 3 ] [81 99 15 ] [99 90 12 ] [91 85 2 ] [71 89 8 ] [90 94 6 ] [86 98 4 ] [93 98 15 ] [96 92 0 ] [89 73 19 ] 
Individual lux values: 8.69778 8.79147 8.97946 9.62737 0.260323 9.25565 9.69787 9.99023 9.97284 0.998993 
Generation 34: Best fitness = 9843.64
Individual positions: [82 96 3 ] [81 99 15 ] [99 90 12 ] [91 85 2 ] [71 89 8 ] [90 94 6 ] [86 98 4 ] [93 98 15 ] [96 92 0 ] [89 73 19 ] 
Individual lux values: 8.69778 8.79147 8.97946 9.62737 9.92462 9.25565 9.69787 9.99023 9.97284 0.998993 
Generation 35: Best fitness = 9843.64
Individual positions: [82 96 3 ] [81 99 15 ] [99 90 12 ] [91 85 2 ] [71 89 8 ] [90 94 6 ] [86 98 4 ] [93 98 15 ] [96 92 0 ] [89 73 19 ] 
Individual lux values: 8.69778 8.79147 8.97946 9.62737 9.92462 9.25565 9.69787 9.99023 9.97284 0.998993 
Generation 36: Best fitness = 9843.64
Individual positions: [82 96 3 ] [81 99 15 ] [99 90 12 ] [91 85 2 ] [71 89 8 ] [90 94 6 ] [86 98 4 ] [93 98 15 ] [96 92 0 ] [89 73 19 ] 
Individual lux values: 8.69778 8.79147 8.97946 9.62737 9.92462 9.25565 9.69787 9.99023 9.97284 0.998993 
Generation 37: Best fitness = 9109.99
Individual positions: [82 96 3 ] [82 84 8 ] [99 90 12 ] [91 85 2 ] [71 89 8 ] [90 94 6 ] [86 98 4 ] [93 98 15 ] [96 92 0 ] [89 73 19 ] 
Individual lux values: 8.69778 8.79147 8.97946 9.62737 9.92462 2.79641 9.69787 9.99023 9.97284 0.998993 
Generation 38: Best fitness = 9091.32
Individual positions: [82 96 3 ] [82 84 8 ] [99 90 12 ] [91 85 2 ] [71 89 8 ] [90 94 6 ] [86 98 4 ] [93 98 15 ] [96 92 0 ] [89 73 19 ] 
Individual lux values: 8.69778 8.79147 8.97946 9.62737 9.92462 9.25565 9.69787 9.99023 9.97284 0.998993 
Generation 39: Best fitness = 9089.44
Individual positions: [82 96 3 ] [82 84 8 ] [99 90 12 ] [91 85 2 ] [71 89 8 ] [90 94 6 ] [86 98 4 ] [93 98 15 ] [96 92 0 ] [89 73 19 ] 
Individual lux values: 8.69778 8.79147 9.34538 9.62737 9.92462 9.25565 9.9588 9.99023 9.97284 0.998993 
Generation 40: Best fitness = 8792.56
Individual positions: [82 96 3 ] [82 84 8 ] [99 90 12 ] [91 85 2 ] [80 75 1 ] [90 94 6 ] [86 98 4 ] [93 98 15 ] [96 92 0 ] [89 73 19 ] 
Individual lux values: 8.69778 8.79147 8.97946 9.62737 9.92462 9.25565 9.9588 9.99023 9.97284 0.998993 
Generation 41: Best fitness = 8792.56
Individual positions: [82 96 3 ] [82 84 8 ] [99 90 12 ] [91 85 2 ] [80 75 1 ] [90 94 6 ] [86 98 4 ] [93 98 15 ] [96 92 0 ] [89 73 19 ] 
Individual lux values: 8.69778 8.79147 8.97946 9.62737 9.92462 9.25565 9.9588 9.99023 9.97284 0.998993 
Generation 42: Best fitness = 8791.46
Individual positions: [82 96 3 ] [82 84 8 ] [99 90 12 ] [91 85 2 ] [80 75 1 ] [90 94 6 ] [86 98 4 ] [93 98 15 ] [96 92 0 ] [89 73 19 ] 
Individual lux values: 8.69778 8.79147 9.34538 9.62737 9.92462 9.25565 9.9588 9.99023 9.97284 0.998993 
Generation 43: Best fitness = 8314.2
Individual positions: [82 96 3 ] [93 86 5 ] [99 90 12 ] [91 85 2 ] [80 75 1 ] [90 94 6 ] [86 98 4 ] [93 98 15 ] [96 92 0 ] [89 73 19 ] 
Individual lux values: 8.69778 8.79147 9.34538 9.62737 9.92462 7.03421 0.291757 9.99023 9.97284 0.998993 
Generation 44: Best fitness = 8279.02
Individual positions: [82 96 3 ] [93 86 5 ] [99 90 12 ] [91 85 2 ] [80 75 1 ] [90 94 6 ] [86 98 4 ] [93 98 15 ] [96 92 0 ] [89 73 19 ] 
Individual lux values: 8.69778 8.79147 9.34538 9.62737 9.92462 9.47539 9.9588 9.99023 9.97284 0.998993 
Generation 45: Best fitness = 8259.82
Individual positions: [82 96 3 ] [93 86 5 ] [99 90 12 ] [91 85 2 ] [80 75 1 ] [90 94 6 ] [86 98 4 ] [93 98 15 ] [86 91 9 ] [89 73 19 ] 
Individual lux values: 8.69778 8.79147 9.34538 9.62737 9.92462 9.47539 9.9588 9.99023 9.97284 0.998993 
Generation 46: Best fitness = 8259.82
Individual positions: [82 96 3 ] [93 86 5 ] [99 90 12 ] [91 85 2 ] [80 75 1 ] [90 94 6 ] [86 98 4 ] [93 98 15 ] [86 91 9 ] [89 73 19 ] 
Individual lux values: 8.69778 8.79147 9.34538 9.62737 9.92462 9.47539 9.9588 9.99023 9.97284 0.998993 
Generation 47: Best fitness = 8259.82
Individual positions: [82 96 3 ] [93 86 5 ] [99 90 12 ] [91 85 2 ] [80 75 1 ] [90 94 6 ] [86 98 4 ] [93 98 15 ] [86 91 9 ] [89 73 19 ] 
Individual lux values: 8.69778 8.79147 9.34538 9.62737 9.92462 9.47539 9.9588 9.99023 9.97284 0.998993 
Generation 48: Best fitness = 8258.28
Individual positions: [82 96 3 ] [93 86 5 ] [99 90 12 ] [91 85 2 ] [80 75 1 ] [90 94 6 ] [86 98 4 ] [93 98 15 ] [86 91 9 ] [89 73 19 ] 
Individual lux values: 8.69778 9.30509 9.34538 9.62737 9.92462 9.47539 9.9588 9.99023 9.97284 0.998993 
Generation 49: Best fitness = 8258.28
Individual positions: [82 96 3 ] [93 86 5 ] [99 90 12 ] [91 85 2 ] [80 75 1 ] [90 94 6 ] [86 98 4 ] [93 98 15 ] [86 91 9 ] [89 73 19 ] 
Individual lux values: 8.69778 9.30509 9.34538 9.62737 9.92462 9.47539 9.9588 9.99023 9.97284 0.998993 
Generation 50: Best fitness = 8258.28
Individual positions: [82 96 3 ] [93 86 5 ] [99 90 12 ] [91 85 2 ] [80 75 1 ] [90 94 6 ] [86 98 4 ] [93 98 15 ] [86 91 9 ] [89 73 19 ] 
Individual lux values: 8.69778 9.30509 9.34538 9.62737 9.92462 9.47539 9.9588 9.99023 9.97284 0.998993 
Generation 51: Best fitness = 8256.99
Individual positions: [82 96 3 ] [93 86 5 ] [99 90 12 ] [91 85 2 ] [80 75 1 ] [90 94 6 ] [86 98 4 ] [93 98 15 ] [86 91 9 ] [89 73 19 ] 
Individual lux values: 8.70602 9.72686 9.34538 9.62737 9.92462 9.47539 9.9588 9.99023 9.97284 0.998993 
Generation 52: Best fitness = 8256.99
Individual positions: [82 96 3 ] [93 86 5 ] [99 90 12 ] [91 85 2 ] [80 75 1 ] [90 94 6 ] [86 98 4 ] [93 98 15 ] [86 91 9 ] [89 73 19 ] 
Individual lux values: 8.70602 9.72686 9.34538 9.62737 9.92462 9.47539 9.9588 9.99023 9.97284 0.998993 
Generation 53: Best fitness = 8163.06
Individual positions: [82 96 3 ] [93 86 5 ] [99 90 12 ] [91 85 2 ] [80 75 1 ] [90 94 6 ] [88 97 3 ] [93 98 15 ] [86 91 9 ] [89 73 19 ] 
Individual lux values: 8.70602 8.79147 9.34538 9.62737 3.56853 9.23734 8.96237 6.58193 7.37724 0.998993 
Generation 54: Best fitness = 8119.95
Individual positions: [82 96 3 ] [93 86 5 ] [99 90 12 ] [91 85 2 ] [80 75 1 ] [90 94 6 ] [88 97 3 ] [93 98 15 ] [86 91 9 ] [89 73 19 ] 
Individual lux values: 8.70602 9.72686 9.34538 9.62737 9.92462 9.47539 9.9588 9.99023 9.97284 0.998993 
Generation 55: Best fitness = 8119.95
Individual positions: [82 96 3 ] [93 86 5 ] [99 90 12 ] [91 85 2 ] [80 75 1 ] [90 94 6 ] [88 97 3 ] [93 98 15 ] [86 91 9 ] [89 73 19 ] 
Individual lux values: 8.70602 9.72686 9.34538 9.62737 9.92462 9.47539 9.9588 9.99023 9.97284 0.998993 
Generation 56: Best fitness = 8119.95
Individual positions: [82 96 3 ] [93 86 5 ] [99 90 12 ] [91 85 2 ] [80 75 1 ] [90 94 6 ] [88 97 3 ] [93 98 15 ] [86 91 9 ] [89 73 19 ] 
Individual lux values: 8.70602 9.72686 9.34538 9.62737 9.92462 9.47539 9.9588 9.99023 9.97284 0.998993 
Generation 57: Best fitness = 8119.95
Individual positions: [82 96 3 ] [93 86 5 ] [99 90 12 ] [91 85 2 ] [80 75 1 ] [90 94 6 ] [88 97 3 ] [93 98 15 ] [86 91 9 ] [89 73 19 ] 
Individual lux values: 8.70602 9.72686 9.34538 9.62737 9.92462 9.47539 9.9588 9.99023 9.97284 0.998993 
Generation 58: Best fitness = 8119.95
Individual positions: [82 96 3 ] [93 86 5 ] [99 90 12 ] [91 85 2 ] [80 75 1 ] [90 94 6 ] [88 97 3 ] [93 98 15 ] [86 91 9 ] [89 73 19 ] 
Individual lux values: 8.70602 9.72686 9.34538 9.62737 9.92462 9.47539 9.9588 9.99023 9.97284 0.998993 
Generation 59: Best fitness = 8119.95
Individual positions: [82 96 3 ] [93 86 5 ] [99 90 12 ] [91 85 2 ] [80 75 1 ] [90 94 6 ] [88 97 3 ] [93 98 15 ] [86 91 9 ] [89 73 19 ] 
Individual lux values: 8.70602 9.72686 9.34538 9.62737 9.92462 9.47539 9.9588 9.99023 9.97284 0.998993 
Generation 60: Best fitness = 8119.95
Individual positions: [82 96 3 ] [93 86 5 ] [99 90 12 ] [91 85 2 ] [80 75 1 ] [90 94 6 ] [88 97 3 ] [93 98 15 ] [86 91 9 ] [89 73 19 ] 
Individual lux values: 8.70602 9.72686 9.34538 9.62737 9.92462 9.47539 9.9588 9.99023 9.97284 0.998993 
Generation 61: Best fitness = 8119.95
Individual positions: [82 96 3 ] [93 86 5 ] [99 90 12 ] [91 85 2 ] [80 75 1 ] [90 94 6 ] [88 97 3 ] [93 98 15 ] [86 91 9 ] [89 73 19 ] 
Individual lux values: 8.70602 9.72686 9.34538 9.62737 9.92462 9.47539 9.9588 9.99023 9.97284 0.998993 
Generation 62: Best fitness = 8119.95
Individual positions: [82 96 3 ] [93 86 5 ] [99 90 12 ] [91 85 2 ] [80 75 1 ] [90 94 6 ] [88 97 3 ] [93 98 15 ] [86 91 9 ] [89 73 19 ] 
Individual lux values: 8.70602 9.72686 9.34538 9.62737 9.92462 9.47539 9.9588 9.99023 9.97284 0.998993 
Generation 63: Best fitness = 8119.95
Individual positions: [82 96 3 ] [93 86 5 ] [99 90 12 ] [91 85 2 ] [80 75 1 ] [90 94 6 ] [88 97 3 ] [93 98 15 ] [86 91 9 ] [89 73 19 ] 
Individual lux values: 8.70602 9.72686 9.34538 9.62737 9.92462 9.47539 9.9588 9.99023 9.97284 0.998993 
Generation 64: Best fitness = 7580.47
Individual positions: [82 96 3 ] [93 86 5 ] [99 90 12 ] [91 85 2 ] [89 76 12 ] [90 94 6 ] [88 97 3 ] [93 98 15 ] [86 91 9 ] [89 73 19 ] 
Individual lux values: 8.70602 9.72686 9.34538 9.62737 9.92462 9.47539 9.9588 9.99023 9.97284 0.998993 
Generation 65: Best fitness = 7578.57
Individual positions: [82 96 3 ] [93 86 5 ] [99 90 12 ] [91 85 2 ] [89 76 12 ] [90 94 6 ] [88 97 3 ] [93 98 15 ] [86 91 9 ] [89 73 19 ] 
Individual lux values: 8.70602 9.72686 9.97925 9.62737 9.92462 9.47539 9.9588 9.99023 9.97284 0.998993 
Generation 66: Best fitness = 7578.57
Individual positions: [82 96 3 ] [93 86 5 ] [99 90 12 ] [91 85 2 ] [89 76 12 ] [90 94 6 ] [88 97 3 ] [93 98 15 ] [86 91 9 ] [89 73 19 ] 
Individual lux values: 8.70602 9.72686 9.97925 9.62737 9.92462 9.47539 9.9588 9.99023 9.97284 0.998993 
Generation 67: Best fitness = 7578.57
Individual positions: [82 96 3 ] [93 86 5 ] [99 90 12 ] [91 85 2 ] [89 76 12 ] [90 94 6 ] [88 97 3 ] [93 98 15 ] [86 91 9 ] [89 73 19 ] 
Individual lux values: 8.70602 9.72686 9.97925 9.62737 9.92462 9.47539 9.9588 9.99023 9.97284 0.998993 
Generation 68: Best fitness = 7577.92
Individual positions: [82 96 3 ] [93 86 5 ] [99 90 12 ] [91 85 2 ] [89 76 12 ] [90 94 6 ] [88 97 3 ] [93 98 15 ] [86 91 9 ] [89 73 19 ] 
Individual lux values: 8.70602 9.72686 9.97925 9.84344 9.92462 9.47539 9.9588 9.99023 9.97284 0.998993 
Generation 69: Best fitness = 7577.92
Individual positions: [82 96 3 ] [93 86 5 ] [99 90 12 ] [91 85 2 ] [89 76 12 ] [90 94 6 ] [88 97 3 ] [93 98 15 ] [86 91 9 ] [89 73 19 ] 
Individual lux values: 8.70602 9.72686 9.97925 9.84344 9.92462 9.47539 9.9588 9.99023 9.97284 0.998993 
Generation 70: Best fitness = 7577.92
Individual positions: [82 96 3 ] [93 86 5 ] [99 90 12 ] [91 85 2 ] [89 76 12 ] [90 94 6 ] [88 97 3 ] [93 98 15 ] [86 91 9 ] [89 73 19 ] 
Individual lux values: 8.70602 9.72686 9.97925 9.84344 9.92462 9.47539 9.9588 9.99023 9.97284 0.998993 
Generation 71: Best fitness = 7577.92
Individual positions: [82 96 3 ] [93 86 5 ] [99 90 12 ] [91 85 2 ] [89 76 12 ] [90 94 6 ] [88 97 3 ] [93 98 15 ] [86 91 9 ] [89 73 19 ] 
Individual lux values: 8.70602 9.72686 9.97925 9.84344 9.92462 9.47539 9.9588 9.99023 9.97284 0.998993 
Generation 72: Best fitness = 6968.45
Individual positions: [82 96 3 ] [93 86 5 ] [99 90 12 ] [91 85 2 ] [86 97 9 ] [90 94 6 ] [88 97 3 ] [93 98 15 ] [86 91 9 ] [89 73 19 ] 
Individual lux values: 8.70602 9.72686 9.97925 9.84344 9.92462 9.47539 3.40159 8.82443 9.97284 0.998993 
Generation 73: Best fitness = 6968.45
Individual positions: [82 96 3 ] [93 86 5 ] [99 90 12 ] [91 85 2 ] [86 97 9 ] [90 94 6 ] [88 97 3 ] [93 98 15 ] [86 91 9 ] [89 73 19 ] 
Individual lux values: 8.70602 9.72686 9.97925 9.84344 9.92462 9.47539 3.40159 8.82443 9.97284 0.998993 
Generation 74: Best fitness = 6945.28
Individual positions: [82 96 3 ] [93 86 5 ] [99 90 12 ] [91 85 2 ] [86 97 9 ] [90 94 6 ] [88 97 3 ] [93 98 15 ] [86 91 9 ] [89 73 19 ] 
Individual lux values: 8.70602 9.72686 9.97925 9.84344 9.92462 9.47539 9.9588 9.99023 9.97284 0.998993 
Generation 75: Best fitness = 6945.28
Individual positions: [82 96 3 ] [93 86 5 ] [99 90 12 ] [91 85 2 ] [86 97 9 ] [90 94 6 ] [88 97 3 ] [93 98 15 ] [86 91 9 ] [89 73 19 ] 
Individual lux values: 8.70602 9.72686 9.97925 9.84344 9.92462 9.47539 9.9588 9.99023 9.97284 0.998993 
Generation 76: Best fitness = 6945.28
Individual positions: [82 96 3 ] [93 86 5 ] [99 90 12 ] [91 85 2 ] [86 97 9 ] [90 94 6 ] [88 97 3 ] [93 98 15 ] [86 91 9 ] [89 73 19 ] 
Individual lux values: 8.70602 9.72686 9.97925 9.84344 9.92462 9.47539 9.9588 9.99023 9.97284 0.998993 
Generation 77: Best fitness = 6945.28
Individual positions: [82 96 3 ] [93 86 5 ] [99 90 12 ] [91 85 2 ] [86 97 9 ] [90 94 6 ] [88 97 3 ] [93 98 15 ] [86 91 9 ] [89 73 19 ] 
Individual lux values: 8.70602 9.72686 9.97925 9.84344 9.92462 9.47539 9.9588 9.99023 9.97284 0.998993 
Generation 78: Best fitness = 6945.28
Individual positions: [82 96 3 ] [93 86 5 ] [99 90 12 ] [91 85 2 ] [86 97 9 ] [90 94 6 ] [88 97 3 ] [93 98 15 ] [86 91 9 ] [89 73 19 ] 
Individual lux values: 8.70602 9.72686 9.97925 9.84344 9.92462 9.47539 9.9588 9.99023 9.97284 0.998993 
Generation 79: Best fitness = 6945.28
Individual positions: [82 96 3 ] [93 86 5 ] [99 90 12 ] [91 85 2 ] [86 97 9 ] [90 94 6 ] [88 97 3 ] [93 98 15 ] [86 91 9 ] [89 73 19 ] 
Individual lux values: 8.70602 9.72686 9.97925 9.84344 9.92462 9.47539 9.9588 9.99023 9.97284 0.998993 
Generation 80: Best fitness = 6945.28
Individual positions: [82 96 3 ] [93 86 5 ] [99 90 12 ] [91 85 2 ] [86 97 9 ] [90 94 6 ] [88 97 3 ] [93 98 15 ] [86 91 9 ] [89 73 19 ] 
Individual lux values: 8.70602 9.72686 9.97925 9.84344 9.92462 9.47539 9.9588 9.99023 9.97284 0.998993 
Generation 81: Best fitness = 6945.22
Individual positions: [82 96 3 ] [93 86 5 ] [99 90 12 ] [91 85 2 ] [86 97 9 ] [90 94 6 ] [88 97 3 ] [93 98 15 ] [86 91 9 ] [89 73 19 ] 
Individual lux values: 8.70602 9.72686 9.97925 9.84344 9.92462 9.5349 9.9588 9.99023 9.97284 0.998993 
Generation 82: Best fitness = 6945.22
Individual positions: [82 96 3 ] [93 86 5 ] [99 90 12 ] [91 85 2 ] [86 97 9 ] [90 94 6 ] [88 97 3 ] [93 98 15 ] [86 91 9 ] [89 73 19 ] 
Individual lux values: 8.70602 9.72686 9.97925 9.84344 9.92462 9.5349 9.9588 9.99023 9.97284 0.998993 
Generation 83: Best fitness = 6945.22
Individual positions: [82 96 3 ] [93 86 5 ] [99 90 12 ] [91 85 2 ] [86 97 9 ] [90 94 6 ] [88 97 3 ] [93 98 15 ] [86 91 9 ] [89 73 19 ] 
Individual lux values: 8.70602 9.72686 9.97925 9.84344 9.92462 9.5349 9.9588 9.99023 9.97284 0.998993 
Generation 84: Best fitness = 6945.22
Individual positions: [82 96 3 ] [93 86 5 ] [99 90 12 ] [91 85 2 ] [86 97 9 ] [90 94 6 ] [88 97 3 ] [93 98 15 ] [86 91 9 ] [89 73 19 ] 
Individual lux values: 8.70602 9.72686 9.97925 9.84344 9.92462 9.5349 9.9588 9.99023 9.97284 0.998993 
Generation 85: Best fitness = 6944.98
Individual positions: [82 96 3 ] [93 86 5 ] [99 90 12 ] [91 85 2 ] [86 97 9 ] [90 94 6 ] [88 97 3 ] [93 98 15 ] [86 91 9 ] [89 73 19 ] 
Individual lux values: 8.78536 9.72686 9.97925 9.84344 9.92462 9.5349 9.9588 9.99023 9.97284 0.998993 
Generation 86: Best fitness = 6944.98
Individual positions: [82 96 3 ] [93 86 5 ] [99 90 12 ] [91 85 2 ] [86 97 9 ] [90 94 6 ] [88 97 3 ] [93 98 15 ] [86 91 9 ] [89 73 19 ] 
Individual lux values: 8.78536 9.72686 9.97925 9.84344 9.92462 9.5349 9.9588 9.99023 9.97284 0.998993 
Generation 87: Best fitness = 6944.98
Individual positions: [82 96 3 ] [93 86 5 ] [99 90 12 ] [91 85 2 ] [86 97 9 ] [90 94 6 ] [88 97 3 ] [93 98 15 ] [86 91 9 ] [89 73 19 ] 
Individual lux values: 8.78536 9.72686 9.97925 9.84344 9.92462 9.5349 9.9588 9.99023 9.97284 0.998993 
Generation 88: Best fitness = 6944.98
Individual positions: [82 96 3 ] [93 86 5 ] [99 90 12 ] [91 85 2 ] [86 97 9 ] [90 94 6 ] [88 97 3 ] [93 98 15 ] [86 91 9 ] [89 73 19 ] 
Individual lux values: 8.78536 9.72686 9.97925 9.84344 9.92462 9.5349 9.9588 9.99023 9.97284 0.998993 
Generation 89: Best fitness = 6944.98
Individual positions: [82 96 3 ] [93 86 5 ] [99 90 12 ] [91 85 2 ] [86 97 9 ] [90 94 6 ] [88 97 3 ] [93 98 15 ] [86 91 9 ] [89 73 19 ] 
Individual lux values: 8.78536 9.72686 9.97925 9.84344 9.92462 9.5349 9.9588 9.99023 9.97284 0.998993 
Generation 90: Best fitness = 6944.98
Individual positions: [82 96 3 ] [93 86 5 ] [99 90 12 ] [91 85 2 ] [86 97 9 ] [90 94 6 ] [88 97 3 ] [93 98 15 ] [86 91 9 ] [89 73 19 ] 
Individual lux values: 8.78536 9.72686 9.97925 9.84344 9.92462 9.5349 9.9588 9.99023 9.97284 0.998993 
Generation 91: Best fitness = 6944.98
Individual positions: [82 96 3 ] [93 86 5 ] [99 90 12 ] [91 85 2 ] [86 97 9 ] [90 94 6 ] [88 97 3 ] [93 98 15 ] [86 91 9 ] [89 73 19 ] 
Individual lux values: 8.78536 9.72686 9.97925 9.84344 9.92462 9.5349 9.9588 9.99023 9.97284 0.998993 
Generation 92: Best fitness = 6944.98
Individual positions: [82 96 3 ] [93 86 5 ] [99 90 12 ] [91 85 2 ] [86 97 9 ] [90 94 6 ] [88 97 3 ] [93 98 15 ] [86 91 9 ] [89 73 19 ] 
Individual lux values: 8.78536 9.72686 9.97925 9.84344 9.92462 9.5349 9.9588 9.99023 9.97284 0.998993 
Generation 93: Best fitness = 6944.98
Individual positions: [82 96 3 ] [93 86 5 ] [99 90 12 ] [91 85 2 ] [86 97 9 ] [90 94 6 ] [88 97 3 ] [93 98 15 ] [86 91 9 ] [89 73 19 ] 
Individual lux values: 8.78536 9.72686 9.97925 9.84344 9.92462 9.5349 9.9588 9.99023 9.97284 0.998993 
Generation 94: Best fitness = 6944.98
Individual positions: [82 96 3 ] [93 86 5 ] [99 90 12 ] [91 85 2 ] [86 97 9 ] [90 94 6 ] [88 97 3 ] [93 98 15 ] [86 91 9 ] [89 73 19 ] 
Individual lux values: 8.78536 9.72686 9.97925 9.84344 9.92462 9.5349 9.9588 9.99023 9.97284 0.998993 
Generation 95: Best fitness = 6944.98
Individual positions: [82 96 3 ] [93 86 5 ] [99 90 12 ] [91 85 2 ] [86 97 9 ] [90 94 6 ] [88 97 3 ] [93 98 15 ] [86 91 9 ] [89 73 19 ] 
Individual lux values: 8.78536 9.72686 9.97925 9.84344 9.92462 9.5349 9.9588 9.99023 9.97284 0.998993 
Generation 96: Best fitness = 6944.98
Individual positions: [82 96 3 ] [93 86 5 ] [99 90 12 ] [91 85 2 ] [86 97 9 ] [90 94 6 ] [88 97 3 ] [93 98 15 ] [86 91 9 ] [89 73 19 ] 
Individual lux values: 8.78536 9.72686 9.97925 9.84344 9.92462 9.5349 9.9588 9.99023 9.97284 0.998993 
Generation 97: Best fitness = 6944.98
Individual positions: [82 96 3 ] [93 86 5 ] [99 90 12 ] [91 85 2 ] [86 97 9 ] [90 94 6 ] [88 97 3 ] [93 98 15 ] [86 91 9 ] [89 73 19 ] 
Individual lux values: 8.78536 9.72686 9.97925 9.84344 9.92462 9.5349 9.9588 9.99023 9.97284 0.998993 
Generation 98: Best fitness = 6944.98
Individual positions: [82 96 3 ] [93 86 5 ] [99 90 12 ] [91 85 2 ] [86 97 9 ] [90 94 6 ] [88 97 3 ] [93 98 15 ] [86 91 9 ] [89 73 19 ] 
Individual lux values: 8.78536 9.72686 9.97925 9.84344 9.92462 9.5349 9.9588 9.99023 9.97284 0.998993 
Generation 99: Best fitness = 6944.98
Individual positions: [82 96 3 ] [93 86 5 ] [99 90 12 ] [91 85 2 ] [86 97 9 ] [90 94 6 ] [88 97 3 ] [93 98 15 ] [86 91 9 ] [89 73 19 ] 
Individual lux values: 8.78536 9.72686 9.97925 9.84344 9.92462 9.5349 9.9588 9.99023 9.97284 0.998993 
Generation 100: Best fitness = 6944.98
Individual positions: [82 96 3 ] [93 86 5 ] [99 90 12 ] [91 85 2 ] [86 97 9 ] [90 94 6 ] [88 97 3 ] [93 98 15 ] [86 91 9 ] [89 73 19 ] 
Individual lux values: 8.78536 9.72686 9.97925 9.84344 9.92462 9.5349 9.9588 9.99023 9.97284 0.998993 
Generation 101: Best fitness = 6944.98
Individual positions: [82 96 3 ] [93 86 5 ] [99 90 12 ] [91 85 2 ] [86 97 9 ] [90 94 6 ] [88 97 3 ] [93 98 15 ] [86 91 9 ] [89 73 19 ] 
Individual lux values: 8.78536 9.72686 9.97925 9.84344 9.92462 9.5349 9.9588 9.99023 9.97284 0.998993 
Generation 102: Best fitness = 6944.98
Individual positions: [82 96 3 ] [93 86 5 ] [99 90 12 ] [91 85 2 ] [86 97 9 ] [90 94 6 ] [88 97 3 ] [93 98 15 ] [86 91 9 ] [89 73 19 ] 
Individual lux values: 8.78536 9.72686 9.97925 9.84344 9.92462 9.5349 9.9588 9.99023 9.97284 0.998993 
Generation 103: Best fitness = 6944.98
Individual positions: [82 96 3 ] [93 86 5 ] [99 90 12 ] [91 85 2 ] [86 97 9 ] [90 94 6 ] [88 97 3 ] [93 98 15 ] [86 91 9 ] [89 73 19 ] 
Individual lux values: 8.78536 9.72686 9.97925 9.84344 9.92462 9.5349 9.9588 9.99023 9.97284 0.998993 
Generation 104: Best fitness = 6944.98
Individual positions: [82 96 3 ] [93 86 5 ] [99 90 12 ] [91 85 2 ] [86 97 9 ] [90 94 6 ] [88 97 3 ] [93 98 15 ] [86 91 9 ] [89 73 19 ] 
Individual lux values: 8.78536 9.72686 9.97925 9.84344 9.92462 9.5349 9.9588 9.99023 9.97284 0.998993 
Generation 105: Best fitness = 6944.98
Individual positions: [82 96 3 ] [93 86 5 ] [99 90 12 ] [91 85 2 ] [86 97 9 ] [90 94 6 ] [88 97 3 ] [93 98 15 ] [86 91 9 ] [89 73 19 ] 
Individual lux values: 8.78536 9.72686 9.97925 9.84344 9.92462 9.5349 9.9588 9.99023 9.97284 0.998993 
Generation 106: Best fitness = 6944.98
Individual positions: [82 96 3 ] [93 86 5 ] [99 90 12 ] [91 85 2 ] [86 97 9 ] [90 94 6 ] [88 97 3 ] [93 98 15 ] [86 91 9 ] [89 73 19 ] 
Individual lux values: 8.78536 9.72686 9.97925 9.84344 9.92462 9.5349 9.9588 9.99023 9.97284 0.998993 
Generation 107: Best fitness = 6654.32
Individual positions: [82 96 3 ] [93 86 5 ] [87 85 6 ] [91 85 2 ] [86 97 9 ] [90 94 6 ] [88 97 3 ] [93 98 15 ] [86 91 9 ] [89 73 19 ] 
Individual lux values: 8.78536 9.72686 9.97925 9.84344 9.92462 9.5349 9.9588 9.99023 9.97284 0.998993 
Generation 108: Best fitness = 6654.32
Individual positions: [82 96 3 ] [93 86 5 ] [87 85 6 ] [91 85 2 ] [86 97 9 ] [90 94 6 ] [88 97 3 ] [93 98 15 ] [86 91 9 ] [89 73 19 ] 
Individual lux values: 8.78536 9.72686 9.97925 9.84344 9.92462 9.5349 9.9588 9.99023 9.97284 0.998993 
Generation 109: Best fitness = 6654.32
Individual positions: [82 96 3 ] [93 86 5 ] [87 85 6 ] [91 85 2 ] [86 97 9 ] [90 94 6 ] [88 97 3 ] [93 98 15 ] [86 91 9 ] [89 73 19 ] 
Individual lux values: 8.78536 9.72686 9.97925 9.84344 9.92462 9.5349 9.9588 9.99023 9.97284 0.998993 
Generation 110: Best fitness = 6504.2
Individual positions: [82 96 3 ] [93 86 5 ] [87 85 6 ] [91 85 2 ] [91 97 2 ] [90 94 6 ] [88 97 3 ] [93 98 15 ] [86 91 9 ] [89 73 19 ] 
Individual lux values: 8.78536 6.02222 9.35911 9.84344 9.92462 9.5349 9.9588 9.99023 9.97284 0.998993 
Generation 111: Best fitness = 6162.72
Individual positions: [82 96 3 ] [93 86 5 ] [87 85 6 ] [91 85 2 ] [86 97 9 ] [90 94 6 ] [88 97 3 ] [95 83 5 ] [86 91 9 ] [89 73 19 ] 
Individual lux values: 8.78536 9.72686 9.97925 9.84344 9.92462 7.81854 1.07395 9.99023 9.97284 0.998993 
Generation 112: Best fitness = 5969.08
Individual positions: [82 96 3 ] [93 86 5 ] [87 85 6 ] [91 85 2 ] [91 97 2 ] [90 94 6 ] [88 97 3 ] [95 83 5 ] [86 91 9 ] [89 73 19 ] 
Individual lux values: 8.78536 9.72686 9.97925 9.84344 9.92462 9.5349 9.9588 9.99023 9.97284 0.998993 
Generation 113: Best fitness = 5969.08
Individual positions: [82 96 3 ] [93 86 5 ] [87 85 6 ] [91 85 2 ] [91 97 2 ] [90 94 6 ] [88 97 3 ] [95 83 5 ] [86 91 9 ] [89 73 19 ] 
Individual lux values: 8.78536 9.72686 9.97925 9.84344 9.92462 9.5349 9.9588 9.99023 9.97284 0.998993 
Generation 114: Best fitness = 5969.08
Individual positions: [82 96 3 ] [93 86 5 ] [87 85 6 ] [91 85 2 ] [91 97 2 ] [90 94 6 ] [88 97 3 ] [95 83 5 ] [86 91 9 ] [89 73 19 ] 
Individual lux values: 8.78536 9.72686 9.97925 9.84344 9.92462 9.5349 9.9588 9.99023 9.97284 0.998993 
Generation 115: Best fitness = 5969.08
Individual positions: [82 96 3 ] [93 86 5 ] [87 85 6 ] [91 85 2 ] [91 97 2 ] [90 94 6 ] [88 97 3 ] [95 83 5 ] [86 91 9 ] [89 73 19 ] 
Individual lux values: 8.78536 9.72686 9.97925 9.84344 9.92462 9.5349 9.9588 9.99023 9.97284 0.998993 
Generation 116: Best fitness = 5968.16
Individual positions: [82 96 3 ] [93 86 5 ] [87 85 6 ] [91 85 2 ] [91 97 2 ] [90 94 6 ] [88 97 3 ] [95 83 5 ] [86 91 9 ] [89 73 19 ] 
Individual lux values: 9.09207 9.72686 9.97925 9.84344 9.92462 9.5349 9.9588 9.99023 9.97284 0.998993 
Generation 117: Best fitness = 5968.16
Individual positions: [82 96 3 ] [93 86 5 ] [87 85 6 ] [91 85 2 ] [91 97 2 ] [90 94 6 ] [88 97 3 ] [95 83 5 ] [86 91 9 ] [89 73 19 ] 
Individual lux values: 9.09207 9.72686 9.97925 9.84344 9.92462 9.5349 9.9588 9.99023 9.97284 0.998993 
Generation 118: Best fitness = 5968.16
Individual positions: [82 96 3 ] [93 86 5 ] [87 85 6 ] [91 85 2 ] [91 97 2 ] [90 94 6 ] [88 97 3 ] [95 83 5 ] [86 91 9 ] [89 73 19 ] 
Individual lux values: 9.09207 9.72686 9.97925 9.84344 9.92462 9.5349 9.9588 9.99023 9.97284 0.998993 
Generation 119: Best fitness = 5968.16
Individual positions: [82 96 3 ] [93 86 5 ] [87 85 6 ] [91 85 2 ] [91 97 2 ] [90 94 6 ] [88 97 3 ] [95 83 5 ] [86 91 9 ] [89 73 19 ] 
Individual lux values: 9.09207 9.72686 9.97925 9.84344 9.92462 9.5349 9.9588 9.99023 9.97284 0.998993 
Generation 120: Best fitness = 5968.16
Individual positions: [82 96 3 ] [93 86 5 ] [87 85 6 ] [91 85 2 ] [91 97 2 ] [90 94 6 ] [88 97 3 ] [95 83 5 ] [86 91 9 ] [89 73 19 ] 
Individual lux values: 9.09207 9.72686 9.97925 9.84344 9.92462 9.5349 9.9588 9.99023 9.97284 0.998993 
Generation 121: Best fitness = 5968.16
Individual positions: [82 96 3 ] [93 86 5 ] [87 85 6 ] [91 85 2 ] [91 97 2 ] [90 94 6 ] [88 97 3 ] [95 83 5 ] [86 91 9 ] [89 73 19 ] 
Individual lux values: 9.09207 9.72686 9.97925 9.84344 9.92462 9.5349 9.9588 9.99023 9.97284 0.998993 
Generation 122: Best fitness = 5968.16
Individual positions: [82 96 3 ] [93 86 5 ] [87 85 6 ] [91 85 2 ] [91 97 2 ] [90 94 6 ] [88 97 3 ] [95 83 5 ] [86 91 9 ] [89 73 19 ] 
Individual lux values: 9.09207 9.72686 9.97925 9.84344 9.92462 9.5349 9.9588 9.99023 9.97284 0.998993 
Generation 123: Best fitness = 5968.16
Individual positions: [82 96 3 ] [93 86 5 ] [87 85 6 ] [91 85 2 ] [91 97 2 ] [90 94 6 ] [88 97 3 ] [95 83 5 ] [86 91 9 ] [89 73 19 ] 
Individual lux values: 9.09207 9.72686 9.97925 9.84344 9.92462 9.5349 9.9588 9.99023 9.97284 0.998993 
Generation 124: Best fitness = 5968.16
Individual positions: [82 96 3 ] [93 86 5 ] [87 85 6 ] [91 85 2 ] [91 97 2 ] [90 94 6 ] [88 97 3 ] [95 83 5 ] [86 91 9 ] [89 73 19 ] 
Individual lux values: 9.09207 9.72686 9.97925 9.84344 9.92462 9.5349 9.9588 9.99023 9.97284 0.998993 
Generation 125: Best fitness = 5968.16
Individual positions: [82 96 3 ] [93 86 5 ] [87 85 6 ] [91 85 2 ] [91 97 2 ] [90 94 6 ] [88 97 3 ] [95 83 5 ] [86 91 9 ] [89 73 19 ] 
Individual lux values: 9.09207 9.72686 9.97925 9.84344 9.92462 9.5349 9.9588 9.99023 9.97284 0.998993 
Generation 126: Best fitness = 5968.11
Individual positions: [82 96 3 ] [93 86 5 ] [87 85 6 ] [91 85 2 ] [91 97 2 ] [90 94 6 ] [88 97 3 ] [95 83 5 ] [86 91 9 ] [89 73 19 ] 
Individual lux values: 9.09207 9.72686 9.97925 9.84344 9.92462 9.59044 9.9588 9.99023 9.97284 0.998993 
Generation 127: Best fitness = 5968.11
Individual positions: [82 96 3 ] [93 86 5 ] [87 85 6 ] [91 85 2 ] [91 97 2 ] [90 94 6 ] [88 97 3 ] [95 83 5 ] [86 91 9 ] [89 73 19 ] 
Individual lux values: 9.09207 9.72686 9.97925 9.84344 9.92462 9.59044 9.9588 9.99023 9.97284 0.998993 
Generation 128: Best fitness = 5968.11
Individual positions: [82 96 3 ] [93 86 5 ] [87 85 6 ] [91 85 2 ] [91 97 2 ] [90 94 6 ] [88 97 3 ] [95 83 5 ] [86 91 9 ] [89 73 19 ] 
Individual lux values: 9.09207 9.72686 9.97925 9.84344 9.92462 9.59044 9.9588 9.99023 9.97284 0.998993 
Generation 129: Best fitness = 5968.11
Individual positions: [82 96 3 ] [93 86 5 ] [87 85 6 ] [91 85 2 ] [91 97 2 ] [90 94 6 ] [88 97 3 ] [95 83 5 ] [86 91 9 ] [89 73 19 ] 
Individual lux values: 9.09207 9.72686 9.97925 9.84344 9.92462 9.59044 9.9588 9.99023 9.97284 0.998993 
Generation 130: Best fitness = 5968.11
Individual positions: [82 96 3 ] [93 86 5 ] [87 85 6 ] [91 85 2 ] [91 97 2 ] [90 94 6 ] [88 97 3 ] [95 83 5 ] [86 91 9 ] [89 73 19 ] 
Individual lux values: 9.09207 9.72686 9.97925 9.84344 9.92462 9.59044 9.9588 9.99023 9.97284 0.998993 
Generation 131: Best fitness = 5968.11
Individual positions: [82 96 3 ] [93 86 5 ] [87 85 6 ] [91 85 2 ] [91 97 2 ] [90 94 6 ] [88 97 3 ] [95 83 5 ] [86 91 9 ] [89 73 19 ] 
Individual lux values: 9.09207 9.72686 9.97925 9.84344 9.92462 9.59044 9.9588 9.99023 9.97284 0.998993 
Generation 132: Best fitness = 5968.11
Individual positions: [82 96 3 ] [93 86 5 ] [87 85 6 ] [91 85 2 ] [91 97 2 ] [90 94 6 ] [88 97 3 ] [95 83 5 ] [86 91 9 ] [89 73 19 ] 
Individual lux values: 9.09207 9.72686 9.97925 9.84344 9.92462 9.59044 9.9588 9.99023 9.97284 0.998993 
Generation 133: Best fitness = 5968.11
Individual positions: [82 96 3 ] [93 86 5 ] [87 85 6 ] [91 85 2 ] [91 97 2 ] [90 94 6 ] [88 97 3 ] [95 83 5 ] [86 91 9 ] [89 73 19 ] 
Individual lux values: 9.09207 9.72686 9.97925 9.84344 9.92462 9.59044 9.9588 9.99023 9.97284 0.998993 
Generation 134: Best fitness = 5968.11
Individual positions: [82 96 3 ] [93 86 5 ] [87 85 6 ] [91 85 2 ] [91 97 2 ] [90 94 6 ] [88 97 3 ] [95 83 5 ] [86 91 9 ] [89 73 19 ] 
Individual lux values: 9.09207 9.72686 9.97925 9.84344 9.92462 9.59044 9.9588 9.99023 9.97284 0.998993 
Generation 135: Best fitness = 5968.11
Individual positions: [82 96 3 ] [93 86 5 ] [87 85 6 ] [91 85 2 ] [91 97 2 ] [90 94 6 ] [88 97 3 ] [95 83 5 ] [86 91 9 ] [89 73 19 ] 
Individual lux values: 9.09207 9.72686 9.97925 9.84344 9.92462 9.59044 9.9588 9.99023 9.97284 0.998993 
Generation 136: Best fitness = 5968.11
Individual positions: [82 96 3 ] [93 86 5 ] [87 85 6 ] [91 85 2 ] [91 97 2 ] [90 94 6 ] [88 97 3 ] [95 83 5 ] [86 91 9 ] [89 73 19 ] 
Individual lux values: 9.09207 9.72686 9.97925 9.84344 9.92462 9.59044 9.9588 9.99023 9.97284 0.998993 
Generation 137: Best fitness = 5968.11
Individual positions: [82 96 3 ] [93 86 5 ] [87 85 6 ] [91 85 2 ] [91 97 2 ] [90 94 6 ] [88 97 3 ] [95 83 5 ] [86 91 9 ] [89 73 19 ] 
Individual lux values: 9.09207 9.72686 9.97925 9.84344 9.92462 9.59044 9.9588 9.99023 9.97284 0.998993 
Generation 138: Best fitness = 5968.11
Individual positions: [82 96 3 ] [93 86 5 ] [87 85 6 ] [91 85 2 ] [91 97 2 ] [90 94 6 ] [88 97 3 ] [95 83 5 ] [86 91 9 ] [89 73 19 ] 
Individual lux values: 9.09207 9.72686 9.97925 9.84344 9.92462 9.59044 9.9588 9.99023 9.97284 0.998993 
Generation 139: Best fitness = 5968.11
Individual positions: [82 96 3 ] [93 86 5 ] [87 85 6 ] [91 85 2 ] [91 97 2 ] [90 94 6 ] [88 97 3 ] [95 83 5 ] [86 91 9 ] [89 73 19 ] 
Individual lux values: 9.09207 9.72686 9.97925 9.84344 9.92462 9.59044 9.9588 9.99023 9.97284 0.998993 
Generation 140: Best fitness = 5968.11
Individual positions: [82 96 3 ] [93 86 5 ] [87 85 6 ] [91 85 2 ] [91 97 2 ] [90 94 6 ] [88 97 3 ] [95 83 5 ] [86 91 9 ] [89 73 19 ] 
Individual lux values: 9.09207 9.72686 9.97925 9.84344 9.92462 9.59044 9.9588 9.99023 9.97284 0.998993 
Generation 141: Best fitness = 5968.11
Individual positions: [82 96 3 ] [93 86 5 ] [87 85 6 ] [91 85 2 ] [91 97 2 ] [90 94 6 ] [88 97 3 ] [95 83 5 ] [86 91 9 ] [89 73 19 ] 
Individual lux values: 9.09207 9.72686 9.97925 9.84344 9.92462 9.59044 9.9588 9.99023 9.97284 0.998993 
Generation 142: Best fitness = 5968.11
Individual positions: [82 96 3 ] [93 86 5 ] [87 85 6 ] [91 85 2 ] [91 97 2 ] [90 94 6 ] [88 97 3 ] [95 83 5 ] [86 91 9 ] [89 73 19 ] 
Individual lux values: 9.09207 9.72686 9.97925 9.84344 9.92462 9.59044 9.9588 9.99023 9.97284 0.998993 
Generation 143: Best fitness = 5968.11
Individual positions: [82 96 3 ] [93 86 5 ] [87 85 6 ] [91 85 2 ] [91 97 2 ] [90 94 6 ] [88 97 3 ] [95 83 5 ] [86 91 9 ] [89 73 19 ] 
Individual lux values: 9.09207 9.72686 9.97925 9.84344 9.92462 9.59044 9.9588 9.99023 9.97284 0.998993 
Generation 144: Best fitness = 5968.11
Individual positions: [82 96 3 ] [93 86 5 ] [87 85 6 ] [91 85 2 ] [91 97 2 ] [90 94 6 ] [88 97 3 ] [95 83 5 ] [86 91 9 ] [89 73 19 ] 
Individual lux values: 9.09207 9.72686 9.97925 9.84344 9.92462 9.59044 9.9588 9.99023 9.97284 0.998993 
Generation 145: Best fitness = 5968.11
Individual positions: [82 96 3 ] [93 86 5 ] [87 85 6 ] [91 85 2 ] [91 97 2 ] [90 94 6 ] [88 97 3 ] [95 83 5 ] [86 91 9 ] [89 73 19 ] 
Individual lux values: 9.09207 9.72686 9.97925 9.84344 9.92462 9.59044 9.9588 9.99023 9.97284 0.998993 
Generation 146: Best fitness = 5968.11
Individual positions: [82 96 3 ] [93 86 5 ] [87 85 6 ] [91 85 2 ] [91 97 2 ] [90 94 6 ] [88 97 3 ] [95 83 5 ] [86 91 9 ] [89 73 19 ] 
Individual lux values: 9.09207 9.72686 9.97925 9.84344 9.92462 9.59044 9.9588 9.99023 9.97284 0.998993 
Generation 147: Best fitness = 5968.11
Individual positions: [82 96 3 ] [93 86 5 ] [87 85 6 ] [91 85 2 ] [91 97 2 ] [90 94 6 ] [88 97 3 ] [95 83 5 ] [86 91 9 ] [89 73 19 ] 
Individual lux values: 9.09207 9.72686 9.97925 9.84344 9.92462 9.59044 9.9588 9.99023 9.97284 0.998993 
Generation 148: Best fitness = 5968.11
Individual positions: [82 96 3 ] [93 86 5 ] [87 85 6 ] [91 85 2 ] [91 97 2 ] [90 94 6 ] [88 97 3 ] [95 83 5 ] [86 91 9 ] [89 73 19 ] 
Individual lux values: 9.09207 9.72686 9.97925 9.84344 9.92462 9.59044 9.9588 9.99023 9.97284 0.998993 
Generation 149: Best fitness = 5968.11
Individual positions: [82 96 3 ] [93 86 5 ] [87 85 6 ] [91 85 2 ] [91 97 2 ] [90 94 6 ] [88 97 3 ] [95 83 5 ] [86 91 9 ] [89 73 19 ] 
Individual lux values: 9.09207 9.72686 9.97925 9.84344 9.92462 9.59044 9.9588 9.99023 9.97284 0.998993 
Generation 150: Best fitness = 5968.11
Individual positions: [82 96 3 ] [93 86 5 ] [87 85 6 ] [91 85 2 ] [91 97 2 ] [90 94 6 ] [88 97 3 ] [95 83 5 ] [86 91 9 ] [89 73 19 ] 
Individual lux values: 9.09207 9.72686 9.97925 9.84344 9.92462 9.59044 9.9588 9.99023 9.97284 0.998993 
Generation 151: Best fitness = 5968.11
Individual positions: [82 96 3 ] [93 86 5 ] [87 85 6 ] [91 85 2 ] [91 97 2 ] [90 94 6 ] [88 97 3 ] [95 83 5 ] [86 91 9 ] [89 73 19 ] 
Individual lux values: 9.09207 9.72686 9.97925 9.84344 9.92462 9.59044 9.9588 9.99023 9.97284 0.998993 
Generation 152: Best fitness = 5967.98
Individual positions: [82 96 3 ] [93 86 5 ] [87 85 6 ] [91 85 2 ] [91 97 2 ] [90 94 6 ] [88 97 3 ] [95 83 5 ] [86 91 9 ] [89 73 19 ] 
Individual lux values: 9.09207 9.72686 9.97925 9.84344 9.92462 9.7177 9.9588 9.99023 9.97284 0.998993 
Generation 153: Best fitness = 5967.98
Individual positions: [82 96 3 ] [93 86 5 ] [87 85 6 ] [91 85 2 ] [91 97 2 ] [90 94 6 ] [88 97 3 ] [95 83 5 ] [86 91 9 ] [89 73 19 ] 
Individual lux values: 9.09207 9.72686 9.97925 9.84344 9.92462 9.7177 9.9588 9.99023 9.97284 0.998993 
Generation 154: Best fitness = 5967.87
Individual positions: [82 96 3 ] [93 86 5 ] [87 85 6 ] [91 85 2 ] [91 97 2 ] [90 94 6 ] [88 97 3 ] [95 83 5 ] [86 91 9 ] [89 73 19 ] 
Individual lux values: 9.09207 9.72686 9.97925 9.84344 9.96155 9.7177 9.9588 9.99023 9.97284 0.998993 
Generation 155: Best fitness = 5967.87
Individual positions: [82 96 3 ] [93 86 5 ] [87 85 6 ] [91 85 2 ] [91 97 2 ] [90 94 6 ] [88 97 3 ] [95 83 5 ] [86 91 9 ] [89 73 19 ] 
Individual lux values: 9.09207 9.72686 9.97925 9.84344 9.96155 9.7177 9.9588 9.99023 9.97284 0.998993 
Generation 156: Best fitness = 5967.87
Individual positions: [82 96 3 ] [93 86 5 ] [87 85 6 ] [91 85 2 ] [91 97 2 ] [90 94 6 ] [88 97 3 ] [95 83 5 ] [86 91 9 ] [89 73 19 ] 
Individual lux values: 9.09207 9.72686 9.97925 9.84344 9.96155 9.7177 9.9588 9.99023 9.97284 0.998993 
Generation 157: Best fitness = 5967.87
Individual positions: [82 96 3 ] [93 86 5 ] [87 85 6 ] [91 85 2 ] [91 97 2 ] [90 94 6 ] [88 97 3 ] [95 83 5 ] [86 91 9 ] [89 73 19 ] 
Individual lux values: 9.09207 9.72686 9.97925 9.84344 9.96155 9.7177 9.9588 9.99023 9.97284 0.998993 
Generation 158: Best fitness = 5967.87
Individual positions: [82 96 3 ] [93 86 5 ] [87 85 6 ] [91 85 2 ] [91 97 2 ] [90 94 6 ] [88 97 3 ] [95 83 5 ] [86 91 9 ] [89 73 19 ] 
Individual lux values: 9.09207 9.72686 9.97925 9.84344 9.96155 9.7177 9.9588 9.99023 9.97284 0.998993 
Generation 159: Best fitness = 5967.87
Individual positions: [82 96 3 ] [93 86 5 ] [87 85 6 ] [91 85 2 ] [91 97 2 ] [90 94 6 ] [88 97 3 ] [95 83 5 ] [86 91 9 ] [89 73 19 ] 
Individual lux values: 9.09207 9.72686 9.97925 9.84344 9.96155 9.7177 9.9588 9.99023 9.97284 0.998993 
Generation 160: Best fitness = 5967.87
Individual positions: [82 96 3 ] [93 86 5 ] [87 85 6 ] [91 85 2 ] [91 97 2 ] [90 94 6 ] [88 97 3 ] [95 83 5 ] [86 91 9 ] [89 73 19 ] 
Individual lux values: 9.09207 9.72686 9.97925 9.84344 9.96155 9.7177 9.9588 9.99023 9.97284 0.998993 
Generation 161: Best fitness = 5905.11
Individual positions: [82 96 3 ] [93 86 5 ] [87 85 6 ] [90 86 6 ] [91 97 2 ] [90 94 6 ] [88 97 3 ] [95 83 5 ] [86 91 9 ] [89 73 19 ] 
Individual lux values: 9.09207 9.72686 9.97925 9.84344 9.96155 9.38719 9.9588 9.99023 9.97284 0.998993 
Generation 162: Best fitness = 5904.78
Individual positions: [82 96 3 ] [93 86 5 ] [87 85 6 ] [90 86 6 ] [91 97 2 ] [90 94 6 ] [88 97 3 ] [95 83 5 ] [86 91 9 ] [89 73 19 ] 
Individual lux values: 9.09207 9.72686 9.97925 9.84344 9.96155 9.7177 9.9588 9.99023 9.97284 0.998993 
Generation 163: Best fitness = 5904.78
Individual positions: [82 96 3 ] [93 86 5 ] [87 85 6 ] [90 86 6 ] [91 97 2 ] [90 94 6 ] [88 97 3 ] [95 83 5 ] [86 91 9 ] [89 73 19 ] 
Individual lux values: 9.09207 9.72686 9.97925 9.84344 9.96155 9.7177 9.9588 9.99023 9.97284 0.998993 
Generation 164: Best fitness = 5904.78
Individual positions: [82 96 3 ] [93 86 5 ] [87 85 6 ] [90 86 6 ] [91 97 2 ] [90 94 6 ] [88 97 3 ] [95 83 5 ] [86 91 9 ] [89 73 19 ] 
Individual lux values: 9.09207 9.72686 9.97925 9.84344 9.96155 9.7177 9.9588 9.99023 9.97284 0.998993 
Generation 165: Best fitness = 5904.78
Individual positions: [82 96 3 ] [93 86 5 ] [87 85 6 ] [90 86 6 ] [91 97 2 ] [90 94 6 ] [88 97 3 ] [95 83 5 ] [86 91 9 ] [89 73 19 ] 
Individual lux values: 9.09207 9.72686 9.97925 9.84344 9.96155 9.7177 9.9588 9.99023 9.97284 0.998993 
Generation 166: Best fitness = 5904.78
Individual positions: [82 96 3 ] [93 86 5 ] [87 85 6 ] [90 86 6 ] [91 97 2 ] [90 94 6 ] [88 97 3 ] [95 83 5 ] [86 91 9 ] [89 73 19 ] 
Individual lux values: 9.09207 9.72686 9.97925 9.84344 9.96155 9.7177 9.9588 9.99023 9.97284 0.998993 
Generation 167: Best fitness = 5724.46
Individual positions: [82 96 3 ] [93 86 5 ] [87 85 6 ] [90 86 6 ] [91 97 2 ] [90 94 6 ] [88 97 3 ] [90 91 5 ] [86 91 9 ] [89 73 19 ] 
Individual lux values: 9.09207 9.72686 9.97925 9.84344 9.96155 9.7177 2.31452 4.32722 9.97284 0.998993 
Generation 168: Best fitness = 5701.53
Individual positions: [82 96 3 ] [93 86 5 ] [87 85 6 ] [90 86 6 ] [91 97 2 ] [90 94 6 ] [88 97 3 ] [90 91 5 ] [86 91 9 ] [89 73 19 ] 
Individual lux values: 9.09207 9.72686 9.97925 9.84344 9.96155 9.7177 9.9588 4.32722 9.97284 0.998993 
Generation 169: Best fitness = 5724.46
Individual positions: [82 96 3 ] [93 86 5 ] [87 85 6 ] [90 86 6 ] [91 97 2 ] [90 94 6 ] [88 97 3 ] [90 91 5 ] [86 91 9 ] [89 73 19 ] 
Individual lux values: 9.09207 9.72686 9.97925 9.84344 9.96155 9.7177 2.31452 4.32722 9.97284 0.998993 
Generation 170: Best fitness = 5700.51
Individual positions: [82 96 3 ] [93 86 5 ] [87 85 6 ] [90 86 6 ] [91 97 2 ] [90 94 6 ] [88 97 3 ] [90 91 5 ] [86 91 9 ] [89 73 19 ] 
Individual lux values: 9.09207 9.72686 9.97925 9.84344 9.96155 9.7177 9.9588 3.98785 9.97284 0.998993 
Generation 171: Best fitness = 5699.32
Individual positions: [82 96 3 ] [93 86 5 ] [87 85 6 ] [90 86 6 ] [91 97 2 ] [90 94 6 ] [88 97 3 ] [90 91 5 ] [86 91 9 ] [89 73 19 ] 
Individual lux values: 9.09207 9.72686 9.97925 9.84344 9.96155 9.7177 9.9588 3.57677 9.97284 0.998993 
Generation 172: Best fitness = 5699.32
Individual positions: [82 96 3 ] [93 86 5 ] [87 85 6 ] [90 86 6 ] [91 97 2 ] [90 94 6 ] [88 97 3 ] [90 91 5 ] [86 91 9 ] [89 73 19 ] 
Individual lux values: 9.09207 9.72686 9.97925 9.84344 9.96155 9.7177 9.9588 3.57677 9.97284 0.998993 
Generation 173: Best fitness = 5699.32
Individual positions: [82 96 3 ] [93 86 5 ] [87 85 6 ] [90 86 6 ] [91 97 2 ] [90 94 6 ] [88 97 3 ] [90 91 5 ] [86 91 9 ] [89 73 19 ] 
Individual lux values: 9.09207 9.72686 9.97925 9.84344 9.96155 9.7177 9.9588 3.57677 9.97284 0.998993 
Generation 174: Best fitness = 5699.32
Individual positions: [82 96 3 ] [93 86 5 ] [87 85 6 ] [90 86 6 ] [91 97 2 ] [90 94 6 ] [88 97 3 ] [90 91 5 ] [86 91 9 ] [89 73 19 ] 
Individual lux values: 9.09207 9.72686 9.97925 9.84344 9.96155 9.7177 9.9588 3.57677 9.97284 0.998993 
Generation 175: Best fitness = 5699.32
Individual positions: [82 96 3 ] [93 86 5 ] [87 85 6 ] [90 86 6 ] [91 97 2 ] [90 94 6 ] [88 97 3 ] [90 91 5 ] [86 91 9 ] [89 73 19 ] 
Individual lux values: 9.09207 9.72686 9.97925 9.84344 9.96155 9.7177 9.9588 3.57677 9.97284 0.998993 
Generation 176: Best fitness = 5699.05
Individual positions: [82 96 3 ] [93 86 5 ] [87 85 6 ] [90 86 6 ] [91 97 2 ] [90 94 6 ] [88 97 3 ] [90 91 5 ] [86 91 9 ] [89 73 19 ] 
Individual lux values: 9.09207 9.72686 9.97925 9.84344 9.96155 9.7177 9.9588 3.30454 9.97284 0.998993 
Generation 177: Best fitness = 5698.85
Individual positions: [82 96 3 ] [93 86 5 ] [87 85 6 ] [90 86 6 ] [91 97 2 ] [90 94 6 ] [88 97 3 ] [90 91 5 ] [86 91 9 ] [89 73 19 ] 
Individual lux values: 9.09207 9.72686 9.97925 9.84344 9.96155 9.7177 9.9588 3.10007 9.97284 0.998993 
Generation 178: Best fitness = 5698.85
Individual positions: [82 96 3 ] [93 86 5 ] [87 85 6 ] [90 86 6 ] [91 97 2 ] [90 94 6 ] [88 97 3 ] [90 91 5 ] [86 91 9 ] [89 73 19 ] 
Individual lux values: 9.09207 9.72686 9.97925 9.84344 9.96155 9.7177 9.9588 3.10007 9.97284 0.998993 
Generation 179: Best fitness = 5698.85
Individual positions: [82 96 3 ] [93 86 5 ] [87 85 6 ] [90 86 6 ] [91 97 2 ] [90 94 6 ] [88 97 3 ] [90 91 5 ] [86 91 9 ] [89 73 19 ] 
Individual lux values: 9.09207 9.72686 9.97925 9.84344 9.96155 9.7177 9.9588 3.10007 9.97284 0.998993 
Generation 180: Best fitness = 5698.85
Individual positions: [82 96 3 ] [93 86 5 ] [87 85 6 ] [90 86 6 ] [91 97 2 ] [90 94 6 ] [88 97 3 ] [90 91 5 ] [86 91 9 ] [89 73 19 ] 
Individual lux values: 9.09207 9.72686 9.97925 9.84344 9.96155 9.7177 9.9588 3.10007 9.97284 0.998993 
Generation 181: Best fitness = 5698.85
Individual positions: [82 96 3 ] [93 86 5 ] [87 85 6 ] [90 86 6 ] [91 97 2 ] [90 94 6 ] [88 97 3 ] [90 91 5 ] [86 91 9 ] [89 73 19 ] 
Individual lux values: 9.09207 9.72686 9.97925 9.84344 9.96155 9.7177 9.9588 3.10007 9.97284 0.998993 
Generation 182: Best fitness = 5698.85
Individual positions: [82 96 3 ] [93 86 5 ] [87 85 6 ] [90 86 6 ] [91 97 2 ] [90 94 6 ] [88 97 3 ] [90 91 5 ] [86 91 9 ] [89 73 19 ] 
Individual lux values: 9.09207 9.72686 9.97925 9.84344 9.96155 9.7177 9.9588 3.10007 9.97284 0.998993 
Generation 183: Best fitness = 5698.85
Individual positions: [82 96 3 ] [93 86 5 ] [87 85 6 ] [90 86 6 ] [91 97 2 ] [90 94 6 ] [88 97 3 ] [90 91 5 ] [86 91 9 ] [89 73 19 ] 
Individual lux values: 9.09207 9.72686 9.97925 9.84344 9.96155 9.7177 9.9588 3.10007 9.97284 0.998993 
Generation 184: Best fitness = 5698.62
Individual positions: [82 96 3 ] [93 86 5 ] [87 85 6 ] [90 86 6 ] [91 97 2 ] [90 94 6 ] [88 97 3 ] [90 91 5 ] [86 91 9 ] [89 73 19 ] 
Individual lux values: 9.09207 9.72686 9.97925 9.84344 9.96155 9.94385 9.9588 3.10007 9.97284 0.998993 
Generation 185: Best fitness = 5698.62
Individual positions: [82 96 3 ] [93 86 5 ] [87 85 6 ] [90 86 6 ] [91 97 2 ] [90 94 6 ] [88 97 3 ] [90 91 5 ] [86 91 9 ] [89 73 19 ] 
Individual lux values: 9.09207 9.72686 9.97925 9.84344 9.96155 9.94385 9.9588 3.10007 9.97284 0.998993 
Generation 186: Best fitness = 5698.62
Individual positions: [82 96 3 ] [93 86 5 ] [87 85 6 ] [90 86 6 ] [91 97 2 ] [90 94 6 ] [88 97 3 ] [90 91 5 ] [86 91 9 ] [89 73 19 ] 
Individual lux values: 9.09207 9.72686 9.97925 9.84344 9.96155 9.94385 9.9588 3.10007 9.97284 0.998993 
Generation 187: Best fitness = 5698.62
Individual positions: [82 96 3 ] [93 86 5 ] [87 85 6 ] [90 86 6 ] [91 97 2 ] [90 94 6 ] [88 97 3 ] [90 91 5 ] [86 91 9 ] [89 73 19 ] 
Individual lux values: 9.09207 9.72686 9.97925 9.84344 9.96155 9.94385 9.9588 3.10007 9.97284 0.998993 
Generation 188: Best fitness = 5697.61
Individual positions: [82 96 3 ] [93 86 5 ] [87 85 6 ] [90 86 6 ] [91 97 2 ] [90 94 6 ] [88 97 3 ] [90 91 5 ] [86 91 9 ] [89 73 19 ] 
Individual lux values: 9.09207 9.72686 9.97925 9.84344 9.96155 9.94385 9.9588 2.0838 9.97284 0.998993 
Generation 189: Best fitness = 5698.62
Individual positions: [82 96 3 ] [93 86 5 ] [87 85 6 ] [90 86 6 ] [91 97 2 ] [90 94 6 ] [88 97 3 ] [90 91 5 ] [86 91 9 ] [89 73 19 ] 
Individual lux values: 9.09207 9.72686 9.97925 9.84344 9.96155 9.94385 9.9588 3.10007 9.97284 0.998993 
Generation 190: Best fitness = 5698.62
Individual positions: [82 96 3 ] [93 86 5 ] [87 85 6 ] [90 86 6 ] [91 97 2 ] [90 94 6 ] [88 97 3 ] [90 91 5 ] [86 91 9 ] [89 73 19 ] 
Individual lux values: 9.09207 9.72686 9.97925 9.84344 9.96155 9.94385 9.9588 3.10007 9.97284 0.998993 
Generation 191: Best fitness = 5698.62
Individual positions: [82 96 3 ] [93 86 5 ] [87 85 6 ] [90 86 6 ] [91 97 2 ] [90 94 6 ] [88 97 3 ] [90 91 5 ] [86 91 9 ] [89 73 19 ] 
Individual lux values: 9.09207 9.72686 9.97925 9.84344 9.96155 9.94385 9.9588 3.10007 9.97284 0.998993 
Generation 192: Best fitness = 5696.49
Individual positions: [82 96 3 ] [93 86 5 ] [87 85 6 ] [90 86 6 ] [91 97 2 ] [90 94 6 ] [88 97 3 ] [90 91 5 ] [86 91 9 ] [89 73 19 ] 
Individual lux values: 9.09207 9.72686 9.97925 9.84344 9.96155 9.94385 9.9588 0.828883 9.97284 0.998993 
Generation 193: Best fitness = 5696.49
Individual positions: [82 96 3 ] [93 86 5 ] [87 85 6 ] [90 86 6 ] [91 97 2 ] [90 94 6 ] [88 97 3 ] [90 91 5 ] [86 91 9 ] [89 73 19 ] 
Individual lux values: 9.09207 9.72686 9.97925 9.84344 9.96155 9.94385 9.9588 0.828883 9.97284 0.998993 
Generation 194: Best fitness = 5696.12
Individual positions: [82 96 3 ] [93 86 5 ] [87 85 6 ] [90 86 6 ] [91 97 2 ] [90 94 6 ] [88 97 3 ] [90 91 5 ] [86 91 9 ] [89 73 19 ] 
Individual lux values: 9.09207 9.84954 9.97925 9.84344 9.96155 9.94385 9.9588 0.828883 9.97284 0.998993 
Generation 195: Best fitness = 5696.12
Individual positions: [82 96 3 ] [93 86 5 ] [87 85 6 ] [90 86 6 ] [91 97 2 ] [90 94 6 ] [88 97 3 ] [90 91 5 ] [86 91 9 ] [89 73 19 ] 
Individual lux values: 9.09207 9.84954 9.97925 9.84344 9.96155 9.94385 9.9588 0.828883 9.97284 0.998993 
Generation 196: Best fitness = 5696.12
Individual positions: [82 96 3 ] [93 86 5 ] [87 85 6 ] [90 86 6 ] [91 97 2 ] [90 94 6 ] [88 97 3 ] [90 91 5 ] [86 91 9 ] [89 73 19 ] 
Individual lux values: 9.09207 9.84954 9.97925 9.84344 9.96155 9.94385 9.9588 0.828883 9.97284 0.998993 
Generation 197: Best fitness = 5696.12
Individual positions: [82 96 3 ] [93 86 5 ] [87 85 6 ] [90 86 6 ] [91 97 2 ] [90 94 6 ] [88 97 3 ] [90 91 5 ] [86 91 9 ] [89 73 19 ] 
Individual lux values: 9.09207 9.84954 9.97925 9.84344 9.96155 9.94385 9.9588 0.828883 9.97284 0.998993 
Generation 198: Best fitness = 5696.12
Individual positions: [82 96 3 ] [93 86 5 ] [87 85 6 ] [90 86 6 ] [91 97 2 ] [90 94 6 ] [88 97 3 ] [90 91 5 ] [86 91 9 ] [89 73 19 ] 
Individual lux values: 9.09207 9.84954 9.97925 9.84344 9.96155 9.94385 9.9588 0.828883 9.97284 0.998993 
Generation 199: Best fitness = 5696.12
Individual positions: [82 96 3 ] [93 86 5 ] [87 85 6 ] [90 86 6 ] [91 97 2 ] [90 94 6 ] [88 97 3 ] [90 91 5 ] [86 91 9 ] [89 73 19 ] 
Individual lux values: 9.09207 9.84954 9.97925 9.84344 9.96155 9.94385 9.9588 0.828883 9.97284 0.998993 
Generation 200: Best fitness = 5696.12
Individual positions: [82 96 3 ] [93 86 5 ] [87 85 6 ] [90 86 6 ] [91 97 2 ] [90 94 6 ] [88 97 3 ] [90 91 5 ] [86 91 9 ] [89 73 19 ] 
Individual lux values: 9.09207 9.84954 9.97925 9.84344 9.96155 9.94385 9.9588 0.828883 9.97284 0.998993 
Generation 201: Best fitness = 5696.12
Individual positions: [82 96 3 ] [93 86 5 ] [87 85 6 ] [90 86 6 ] [91 97 2 ] [90 94 6 ] [88 97 3 ] [90 91 5 ] [86 91 9 ] [89 73 19 ] 
Individual lux values: 9.09207 9.84954 9.97925 9.84344 9.96155 9.94385 9.9588 0.828883 9.97284 0.998993 
Generation 202: Best fitness = 5696.12
Individual positions: [82 96 3 ] [93 86 5 ] [87 85 6 ] [90 86 6 ] [91 97 2 ] [90 94 6 ] [88 97 3 ] [90 91 5 ] [86 91 9 ] [89 73 19 ] 
Individual lux values: 9.09207 9.84954 9.97925 9.84344 9.96155 9.94385 9.9588 0.828883 9.97284 0.998993 
Generation 203: Best fitness = 5696.12
Individual positions: [82 96 3 ] [93 86 5 ] [87 85 6 ] [90 86 6 ] [91 97 2 ] [90 94 6 ] [88 97 3 ] [90 91 5 ] [86 91 9 ] [89 73 19 ] 
Individual lux values: 9.09207 9.84954 9.97925 9.84344 9.96155 9.94385 9.9588 0.828883 9.97284 0.998993 
Generation 204: Best fitness = 5696.12
Individual positions: [82 96 3 ] [93 86 5 ] [87 85 6 ] [90 86 6 ] [91 97 2 ] [90 94 6 ] [88 97 3 ] [90 91 5 ] [86 91 9 ] [89 73 19 ] 
Individual lux values: 9.09207 9.84954 9.97925 9.84344 9.96155 9.94385 9.9588 0.828883 9.97284 0.998993 
Generation 205: Best fitness = 5696.12
Individual positions: [82 96 3 ] [93 86 5 ] [87 85 6 ] [90 86 6 ] [91 97 2 ] [90 94 6 ] [88 97 3 ] [90 91 5 ] [86 91 9 ] [89 73 19 ] 
Individual lux values: 9.09207 9.84954 9.97925 9.84344 9.96155 9.94385 9.9588 0.828883 9.97284 0.998993 
Generation 206: Best fitness = 5696.12
Individual positions: [82 96 3 ] [93 86 5 ] [87 85 6 ] [90 86 6 ] [91 97 2 ] [90 94 6 ] [88 97 3 ] [90 91 5 ] [86 91 9 ] [89 73 19 ] 
Individual lux values: 9.09207 9.84954 9.97925 9.84344 9.96155 9.94385 9.9588 0.828883 9.97284 0.998993 
Generation 207: Best fitness = 5696.12
Individual positions: [82 96 3 ] [93 86 5 ] [87 85 6 ] [90 86 6 ] [91 97 2 ] [90 94 6 ] [88 97 3 ] [90 91 5 ] [86 91 9 ] [89 73 19 ] 
Individual lux values: 9.09207 9.84954 9.97925 9.84344 9.96155 9.94385 9.9588 0.828883 9.97284 0.998993 
Generation 208: Best fitness = 5696.12
Individual positions: [82 96 3 ] [93 86 5 ] [87 85 6 ] [90 86 6 ] [91 97 2 ] [90 94 6 ] [88 97 3 ] [90 91 5 ] [86 91 9 ] [89 73 19 ] 
Individual lux values: 9.09207 9.84954 9.97925 9.84344 9.96155 9.94385 9.9588 0.828883 9.97284 0.998993 
Generation 209: Best fitness = 5696.12
Individual positions: [82 96 3 ] [93 86 5 ] [87 85 6 ] [90 86 6 ] [91 97 2 ] [90 94 6 ] [88 97 3 ] [90 91 5 ] [86 91 9 ] [89 73 19 ] 
Individual lux values: 9.09207 9.84954 9.97925 9.84344 9.96155 9.94385 9.9588 0.828883 9.97284 0.998993 
Generation 210: Best fitness = 5696.12
Individual positions: [82 96 3 ] [93 86 5 ] [87 85 6 ] [90 86 6 ] [91 97 2 ] [90 94 6 ] [88 97 3 ] [90 91 5 ] [86 91 9 ] [89 73 19 ] 
Individual lux values: 9.09207 9.84954 9.97925 9.84344 9.96155 9.94385 9.9588 0.828883 9.97284 0.998993 
Generation 211: Best fitness = 5696.12
Individual positions: [82 96 3 ] [93 86 5 ] [87 85 6 ] [90 86 6 ] [91 97 2 ] [90 94 6 ] [88 97 3 ] [90 91 5 ] [86 91 9 ] [89 73 19 ] 
Individual lux values: 9.09207 9.84954 9.97925 9.84344 9.96155 9.94385 9.9588 0.828883 9.97284 0.998993 
Generation 212: Best fitness = 5696.12
Individual positions: [82 96 3 ] [93 86 5 ] [87 85 6 ] [90 86 6 ] [91 97 2 ] [90 94 6 ] [88 97 3 ] [90 91 5 ] [86 91 9 ] [89 73 19 ] 
Individual lux values: 9.09207 9.84954 9.97925 9.84344 9.96155 9.94385 9.9588 0.828883 9.97284 0.998993 
Generation 213: Best fitness = 5696.12
Individual positions: [82 96 3 ] [93 86 5 ] [87 85 6 ] [90 86 6 ] [91 97 2 ] [90 94 6 ] [88 97 3 ] [90 91 5 ] [86 91 9 ] [89 73 19 ] 
Individual lux values: 9.09207 9.84954 9.97925 9.84344 9.96155 9.94385 9.9588 0.828883 9.97284 0.998993 
Generation 214: Best fitness = 5547.92
Individual positions: [82 96 3 ] [93 86 5 ] [93 90 3 ] [90 86 6 ] [91 97 2 ] [90 94 6 ] [88 97 3 ] [90 91 5 ] [86 91 9 ] [89 73 19 ] 
Individual lux values: 9.28831 6.08173 9.97925 9.84344 9.96155 9.94385 9.9588 0.828883 9.97284 0.998993 
Generation 215: Best fitness = 5547.92
Individual positions: [82 96 3 ] [93 86 5 ] [93 90 3 ] [90 86 6 ] [91 97 2 ] [90 94 6 ] [88 97 3 ] [90 91 5 ] [86 91 9 ] [89 73 19 ] 
Individual lux values: 9.28831 6.08173 9.97925 9.84344 9.96155 9.94385 9.9588 0.828883 9.97284 0.998993 
Generation 216: Best fitness = 5547.92
Individual positions: [82 96 3 ] [93 86 5 ] [93 90 3 ] [90 86 6 ] [91 97 2 ] [90 94 6 ] [88 97 3 ] [90 91 5 ] [86 91 9 ] [89 73 19 ] 
Individual lux values: 9.28831 6.08173 9.97925 9.84344 9.96155 9.94385 9.9588 0.828883 9.97284 0.998993 
Generation 217: Best fitness = 5547.92
Individual positions: [82 96 3 ] [93 86 5 ] [93 90 3 ] [90 86 6 ] [91 97 2 ] [90 94 6 ] [88 97 3 ] [90 91 5 ] [86 91 9 ] [89 73 19 ] 
Individual lux values: 9.28831 6.08173 9.97925 9.84344 9.96155 9.94385 9.9588 0.828883 9.97284 0.998993 
Generation 218: Best fitness = 5547.92
Individual positions: [82 96 3 ] [93 86 5 ] [93 90 3 ] [90 86 6 ] [91 97 2 ] [90 94 6 ] [88 97 3 ] [90 91 5 ] [86 91 9 ] [89 73 19 ] 
Individual lux values: 9.28831 6.08173 9.97925 9.84344 9.96155 9.94385 9.9588 0.828883 9.97284 0.998993 
Generation 219: Best fitness = 5547.92
Individual positions: [82 96 3 ] [93 86 5 ] [93 90 3 ] [90 86 6 ] [91 97 2 ] [90 94 6 ] [88 97 3 ] [90 91 5 ] [86 91 9 ] [89 73 19 ] 
Individual lux values: 9.28831 6.08173 9.97925 9.84344 9.96155 9.94385 9.9588 0.828883 9.97284 0.998993 
Generation 220: Best fitness = 5695.54
Individual positions: [82 96 3 ] [93 86 5 ] [87 85 6 ] [90 86 6 ] [91 97 2 ] [90 94 6 ] [88 97 3 ] [90 91 5 ] [86 91 9 ] [89 73 19 ] 
Individual lux values: 9.28831 9.84954 9.97925 9.84344 9.96155 9.94385 9.9588 0.828883 9.97284 0.998993 
Generation 221: Best fitness = 5695.54
Individual positions: [82 96 3 ] [93 86 5 ] [87 85 6 ] [90 86 6 ] [91 97 2 ] [90 94 6 ] [88 97 3 ] [90 91 5 ] [86 91 9 ] [89 73 19 ] 
Individual lux values: 9.28831 9.84954 9.97925 9.84344 9.96155 9.94385 9.9588 0.828883 9.97284 0.998993 
Generation 222: Best fitness = 5695.54
Individual positions: [82 96 3 ] [93 86 5 ] [87 85 6 ] [90 86 6 ] [91 97 2 ] [90 94 6 ] [88 97 3 ] [90 91 5 ] [86 91 9 ] [89 73 19 ] 
Individual lux values: 9.28831 9.84954 9.97925 9.84344 9.96155 9.94385 9.9588 0.828883 9.97284 0.998993 
Generation 223: Best fitness = 5695.54
Individual positions: [82 96 3 ] [93 86 5 ] [87 85 6 ] [90 86 6 ] [91 97 2 ] [90 94 6 ] [88 97 3 ] [90 91 5 ] [86 91 9 ] [89 73 19 ] 
Individual lux values: 9.28831 9.84954 9.97925 9.84344 9.96155 9.94385 9.9588 0.828883 9.97284 0.998993 
Generation 224: Best fitness = 5695.54
Individual positions: [82 96 3 ] [93 86 5 ] [87 85 6 ] [90 86 6 ] [91 97 2 ] [90 94 6 ] [88 97 3 ] [90 91 5 ] [86 91 9 ] [89 73 19 ] 
Individual lux values: 9.28831 9.84954 9.97925 9.84344 9.96155 9.94385 9.9588 0.828883 9.97284 0.998993 
Generation 225: Best fitness = 5695.54
Individual positions: [82 96 3 ] [93 86 5 ] [87 85 6 ] [90 86 6 ] [91 97 2 ] [90 94 6 ] [88 97 3 ] [90 91 5 ] [86 91 9 ] [89 73 19 ] 
Individual lux values: 9.28831 9.84954 9.97925 9.84344 9.96155 9.94385 9.9588 0.828883 9.97284 0.998993 
Generation 226: Best fitness = 5695.54
Individual positions: [82 96 3 ] [93 86 5 ] [87 85 6 ] [90 86 6 ] [91 97 2 ] [90 94 6 ] [88 97 3 ] [90 91 5 ] [86 91 9 ] [89 73 19 ] 
Individual lux values: 9.28831 9.84954 9.97925 9.84344 9.96155 9.94385 9.9588 0.828883 9.97284 0.998993 
Generation 227: Best fitness = 5695.54
Individual positions: [82 96 3 ] [93 86 5 ] [87 85 6 ] [90 86 6 ] [91 97 2 ] [90 94 6 ] [88 97 3 ] [90 91 5 ] [86 91 9 ] [89 73 19 ] 
Individual lux values: 9.28831 9.84954 9.97925 9.84344 9.96155 9.94385 9.9588 0.828883 9.97284 0.998993 
Generation 228: Best fitness = 5695.54
Individual positions: [82 96 3 ] [93 86 5 ] [87 85 6 ] [90 86 6 ] [91 97 2 ] [90 94 6 ] [88 97 3 ] [90 91 5 ] [86 91 9 ] [89 73 19 ] 
Individual lux values: 9.28831 9.84954 9.97925 9.84344 9.96155 9.94385 9.9588 0.828883 9.97284 0.998993 
Generation 229: Best fitness = 5695.54
Individual positions: [82 96 3 ] [93 86 5 ] [87 85 6 ] [90 86 6 ] [91 97 2 ] [90 94 6 ] [88 97 3 ] [90 91 5 ] [86 91 9 ] [89 73 19 ] 
Individual lux values: 9.28831 9.84954 9.97925 9.84344 9.96155 9.94385 9.9588 0.828883 9.97284 0.998993 
Generation 230: Best fitness = 5695.54
Individual positions: [82 96 3 ] [93 86 5 ] [87 85 6 ] [90 86 6 ] [91 97 2 ] [90 94 6 ] [88 97 3 ] [90 91 5 ] [86 91 9 ] [89 73 19 ] 
Individual lux values: 9.28831 9.84954 9.97925 9.84344 9.96155 9.94385 9.9588 0.828883 9.97284 0.998993 
Generation 231: Best fitness = 5695.54
Individual positions: [82 96 3 ] [93 86 5 ] [87 85 6 ] [90 86 6 ] [91 97 2 ] [90 94 6 ] [88 97 3 ] [90 91 5 ] [86 91 9 ] [89 73 19 ] 
Individual lux values: 9.28831 9.84954 9.97925 9.84344 9.96155 9.94385 9.9588 0.828883 9.97284 0.998993 
Generation 232: Best fitness = 5695.54
Individual positions: [82 96 3 ] [93 86 5 ] [87 85 6 ] [90 86 6 ] [91 97 2 ] [90 94 6 ] [88 97 3 ] [90 91 5 ] [86 91 9 ] [89 73 19 ] 
Individual lux values: 9.28831 9.84954 9.97925 9.84344 9.96155 9.94385 9.9588 0.828883 9.97284 0.998993 
Generation 233: Best fitness = 5695.54
Individual positions: [82 96 3 ] [93 86 5 ] [87 85 6 ] [90 86 6 ] [91 97 2 ] [90 94 6 ] [88 97 3 ] [90 91 5 ] [86 91 9 ] [89 73 19 ] 
Individual lux values: 9.28831 9.84954 9.97925 9.84344 9.96155 9.94385 9.9588 0.828883 9.97284 0.998993 
Generation 234: Best fitness = 5695.54
Individual positions: [82 96 3 ] [93 86 5 ] [87 85 6 ] [90 86 6 ] [91 97 2 ] [90 94 6 ] [88 97 3 ] [90 91 5 ] [86 91 9 ] [89 73 19 ] 
Individual lux values: 9.28831 9.84954 9.97925 9.84344 9.96155 9.94385 9.9588 0.828883 9.97284 0.998993 
Generation 235: Best fitness = 5695.54
Individual positions: [82 96 3 ] [93 86 5 ] [87 85 6 ] [90 86 6 ] [91 97 2 ] [90 94 6 ] [88 97 3 ] [90 91 5 ] [86 91 9 ] [89 73 19 ] 
Individual lux values: 9.28831 9.84954 9.97925 9.84344 9.96155 9.94385 9.9588 0.828883 9.97284 0.998993 
Generation 236: Best fitness = 5695.54
Individual positions: [82 96 3 ] [93 86 5 ] [87 85 6 ] [90 86 6 ] [91 97 2 ] [90 94 6 ] [88 97 3 ] [90 91 5 ] [86 91 9 ] [89 73 19 ] 
Individual lux values: 9.28831 9.84954 9.97925 9.84344 9.96155 9.94385 9.9588 0.828883 9.97284 0.998993 
Generation 237: Best fitness = 5695.54
Individual positions: [82 96 3 ] [93 86 5 ] [87 85 6 ] [90 86 6 ] [91 97 2 ] [90 94 6 ] [88 97 3 ] [90 91 5 ] [86 91 9 ] [89 73 19 ] 
Individual lux values: 9.28831 9.84954 9.97925 9.84344 9.96155 9.94385 9.9588 0.828883 9.97284 0.998993 
Generation 238: Best fitness = 5695.54
Individual positions: [82 96 3 ] [93 86 5 ] [87 85 6 ] [90 86 6 ] [91 97 2 ] [90 94 6 ] [88 97 3 ] [90 91 5 ] [86 91 9 ] [89 73 19 ] 
Individual lux values: 9.28831 9.84954 9.97925 9.84344 9.96155 9.94385 9.9588 0.828883 9.97284 0.998993 
Generation 239: Best fitness = 5695.54
Individual positions: [82 96 3 ] [93 86 5 ] [87 85 6 ] [90 86 6 ] [91 97 2 ] [90 94 6 ] [88 97 3 ] [90 91 5 ] [86 91 9 ] [89 73 19 ] 
Individual lux values: 9.28831 9.84954 9.97925 9.84344 9.96155 9.94385 9.9588 0.828883 9.97284 0.998993 
Generation 240: Best fitness = 5695.54
Individual positions: [82 96 3 ] [93 86 5 ] [87 85 6 ] [90 86 6 ] [91 97 2 ] [90 94 6 ] [88 97 3 ] [90 91 5 ] [86 91 9 ] [89 73 19 ] 
Individual lux values: 9.28831 9.84954 9.97925 9.84344 9.96155 9.94385 9.9588 0.828883 9.97284 0.998993 
Generation 241: Best fitness = 5695.54
Individual positions: [82 96 3 ] [93 86 5 ] [87 85 6 ] [90 86 6 ] [91 97 2 ] [90 94 6 ] [88 97 3 ] [90 91 5 ] [86 91 9 ] [89 73 19 ] 
Individual lux values: 9.28831 9.84954 9.97925 9.84344 9.96155 9.94385 9.9588 0.828883 9.97284 0.998993 
Generation 242: Best fitness = 5695.54
Individual positions: [82 96 3 ] [93 86 5 ] [87 85 6 ] [90 86 6 ] [91 97 2 ] [90 94 6 ] [88 97 3 ] [90 91 5 ] [86 91 9 ] [89 73 19 ] 
Individual lux values: 9.28831 9.84954 9.97925 9.84344 9.96155 9.94385 9.9588 0.828883 9.97284 0.998993 
Generation 243: Best fitness = 5695.54
Individual positions: [82 96 3 ] [93 86 5 ] [87 85 6 ] [90 86 6 ] [91 97 2 ] [90 94 6 ] [88 97 3 ] [90 91 5 ] [86 91 9 ] [89 73 19 ] 
Individual lux values: 9.28831 9.84954 9.97925 9.84344 9.96155 9.94385 9.9588 0.828883 9.97284 0.998993 
Generation 244: Best fitness = 5695.54
Individual positions: [82 96 3 ] [93 86 5 ] [87 85 6 ] [90 86 6 ] [91 97 2 ] [90 94 6 ] [88 97 3 ] [90 91 5 ] [86 91 9 ] [89 73 19 ] 
Individual lux values: 9.28831 9.84954 9.97925 9.84344 9.96155 9.94385 9.9588 0.828883 9.97284 0.998993 
Generation 245: Best fitness = 5695.54
Individual positions: [82 96 3 ] [93 86 5 ] [87 85 6 ] [90 86 6 ] [91 97 2 ] [90 94 6 ] [88 97 3 ] [90 91 5 ] [86 91 9 ] [89 73 19 ] 
Individual lux values: 9.28831 9.84954 9.97925 9.84344 9.96155 9.94385 9.9588 0.828883 9.97284 0.998993 
Generation 246: Best fitness = 5695.54
Individual positions: [82 96 3 ] [93 86 5 ] [87 85 6 ] [90 86 6 ] [91 97 2 ] [90 94 6 ] [88 97 3 ] [90 91 5 ] [86 91 9 ] [89 73 19 ] 
Individual lux values: 9.28831 9.84954 9.97925 9.84344 9.96155 9.94385 9.9588 0.828883 9.97284 0.998993 
Generation 247: Best fitness = 5695.54
Individual positions: [82 96 3 ] [93 86 5 ] [87 85 6 ] [90 86 6 ] [91 97 2 ] [90 94 6 ] [88 97 3 ] [90 91 5 ] [86 91 9 ] [89 73 19 ] 
Individual lux values: 9.28831 9.84954 9.97925 9.84344 9.96155 9.94385 9.9588 0.828883 9.97284 0.998993 
Generation 248: Best fitness = 5695.54
Individual positions: [82 96 3 ] [93 86 5 ] [87 85 6 ] [90 86 6 ] [91 97 2 ] [90 94 6 ] [88 97 3 ] [90 91 5 ] [86 91 9 ] [89 73 19 ] 
Individual lux values: 9.28831 9.84954 9.97925 9.84344 9.96155 9.94385 9.9588 0.828883 9.97284 0.998993 
Generation 249: Best fitness = 5695.54
Individual positions: [82 96 3 ] [93 86 5 ] [87 85 6 ] [90 86 6 ] [91 97 2 ] [90 94 6 ] [88 97 3 ] [90 91 5 ] [86 91 9 ] [89 73 19 ] 
Individual lux values: 9.28831 9.84954 9.97925 9.84344 9.96155 9.94385 9.9588 0.828883 9.97284 0.998993 
Generation 250: Best fitness = 5695.49
Individual positions: [82 96 3 ] [93 86 5 ] [87 85 6 ] [90 86 6 ] [91 97 2 ] [90 94 6 ] [88 97 3 ] [90 91 5 ] [86 91 9 ] [89 73 19 ] 
Individual lux values: 9.28831 9.84954 9.97925 9.84344 9.97833 9.94385 9.9588 0.828883 9.97284 0.998993 
Generation 251: Best fitness = 5695.49
Individual positions: [82 96 3 ] [93 86 5 ] [87 85 6 ] [90 86 6 ] [91 97 2 ] [90 94 6 ] [88 97 3 ] [90 91 5 ] [86 91 9 ] [89 73 19 ] 
Individual lux values: 9.28831 9.84954 9.97925 9.84344 9.97833 9.94385 9.9588 0.828883 9.97284 0.998993 
Generation 252: Best fitness = 5695.49
Individual positions: [82 96 3 ] [93 86 5 ] [87 85 6 ] [90 86 6 ] [91 97 2 ] [90 94 6 ] [88 97 3 ] [90 91 5 ] [86 91 9 ] [89 73 19 ] 
Individual lux values: 9.28831 9.84954 9.97925 9.84344 9.97833 9.94385 9.9588 0.828883 9.97284 0.998993 
Generation 253: Best fitness = 5695.49
Individual positions: [82 96 3 ] [93 86 5 ] [87 85 6 ] [90 86 6 ] [91 97 2 ] [90 94 6 ] [88 97 3 ] [90 91 5 ] [86 91 9 ] [89 73 19 ] 
Individual lux values: 9.28831 9.84954 9.97925 9.84344 9.97833 9.94385 9.9588 0.828883 9.97284 0.998993 
Generation 254: Best fitness = 5695.49
Individual positions: [82 96 3 ] [93 86 5 ] [87 85 6 ] [90 86 6 ] [91 97 2 ] [90 94 6 ] [88 97 3 ] [90 91 5 ] [86 91 9 ] [89 73 19 ] 
Individual lux values: 9.28831 9.84954 9.97925 9.84344 9.97833 9.94385 9.9588 0.828883 9.97284 0.998993 
Generation 255: Best fitness = 5695.49
Individual positions: [82 96 3 ] [93 86 5 ] [87 85 6 ] [90 86 6 ] [91 97 2 ] [90 94 6 ] [88 97 3 ] [90 91 5 ] [86 91 9 ] [89 73 19 ] 
Individual lux values: 9.28831 9.84954 9.97925 9.84344 9.97833 9.94385 9.9588 0.828883 9.97284 0.998993 
Generation 256: Best fitness = 5695.49
Individual positions: [82 96 3 ] [93 86 5 ] [87 85 6 ] [90 86 6 ] [91 97 2 ] [90 94 6 ] [88 97 3 ] [90 91 5 ] [86 91 9 ] [89 73 19 ] 
Individual lux values: 9.28831 9.84954 9.97925 9.84344 9.97833 9.94385 9.9588 0.828883 9.97284 0.998993 
Generation 257: Best fitness = 5695.49
Individual positions: [82 96 3 ] [93 86 5 ] [87 85 6 ] [90 86 6 ] [91 97 2 ] [90 94 6 ] [88 97 3 ] [90 91 5 ] [86 91 9 ] [89 73 19 ] 
Individual lux values: 9.28831 9.84954 9.97925 9.84344 9.97833 9.94385 9.9588 0.828883 9.97284 0.998993 
Generation 258: Best fitness = 5695.49
Individual positions: [82 96 3 ] [93 86 5 ] [87 85 6 ] [90 86 6 ] [91 97 2 ] [90 94 6 ] [88 97 3 ] [90 91 5 ] [86 91 9 ] [89 73 19 ] 
Individual lux values: 9.28831 9.84954 9.97925 9.84344 9.97833 9.94385 9.9588 0.828883 9.97284 0.998993 
Generation 259: Best fitness = 5695.49
Individual positions: [82 96 3 ] [93 86 5 ] [87 85 6 ] [90 86 6 ] [91 97 2 ] [90 94 6 ] [88 97 3 ] [90 91 5 ] [86 91 9 ] [89 73 19 ] 
Individual lux values: 9.28831 9.84954 9.97925 9.84344 9.97833 9.94385 9.9588 0.828883 9.97284 0.998993 
Generation 260: Best fitness = 5695.49
Individual positions: [82 96 3 ] [93 86 5 ] [87 85 6 ] [90 86 6 ] [91 97 2 ] [90 94 6 ] [88 97 3 ] [90 91 5 ] [86 91 9 ] [89 73 19 ] 
Individual lux values: 9.28831 9.84954 9.97925 9.84344 9.97833 9.94385 9.9588 0.828883 9.97284 0.998993 
Generation 261: Best fitness = 5695.49
Individual positions: [82 96 3 ] [93 86 5 ] [87 85 6 ] [90 86 6 ] [91 97 2 ] [90 94 6 ] [88 97 3 ] [90 91 5 ] [86 91 9 ] [89 73 19 ] 
Individual lux values: 9.28831 9.84954 9.97925 9.84344 9.97833 9.94385 9.9588 0.828883 9.97284 0.998993 
Generation 262: Best fitness = 5645.31
Individual positions: [82 96 3 ] [93 86 5 ] [87 85 6 ] [90 86 6 ] [91 97 2 ] [90 94 6 ] [97 86 2 ] [90 91 5 ] [86 91 9 ] [89 73 19 ] 
Individual lux values: 9.28831 9.84954 9.97925 9.84344 9.97833 9.94385 2.56081 4.02783 9.97284 0.998993 
Generation 263: Best fitness = 5645.31
Individual positions: [82 96 3 ] [93 86 5 ] [87 85 6 ] [90 86 6 ] [91 97 2 ] [90 94 6 ] [97 86 2 ] [90 91 5 ] [86 91 9 ] [89 73 19 ] 
Individual lux values: 9.28831 9.84954 9.97925 9.84344 9.97833 9.94385 2.56081 4.02783 9.97284 0.998993 
Generation 264: Best fitness = 5619.21
Individual positions: [82 96 3 ] [93 86 5 ] [87 85 6 ] [90 86 6 ] [91 97 2 ] [90 94 6 ] [97 86 2 ] [90 91 5 ] [86 91 9 ] [89 73 19 ] 
Individual lux values: 9.28831 9.84954 9.97925 9.84344 9.97833 9.94385 9.9588 0.828883 9.97284 0.998993 
Generation 265: Best fitness = 5619.21
Individual positions: [82 96 3 ] [93 86 5 ] [87 85 6 ] [90 86 6 ] [91 97 2 ] [90 94 6 ] [97 86 2 ] [90 91 5 ] [86 91 9 ] [89 73 19 ] 
Individual lux values: 9.28831 9.84954 9.97925 9.84344 9.97833 9.94385 9.9588 0.828883 9.97284 0.998993 
Generation 266: Best fitness = 5619.21
Individual positions: [82 96 3 ] [93 86 5 ] [87 85 6 ] [90 86 6 ] [91 97 2 ] [90 94 6 ] [97 86 2 ] [90 91 5 ] [86 91 9 ] [89 73 19 ] 
Individual lux values: 9.28831 9.84954 9.97925 9.84344 9.97833 9.94385 9.9588 0.828883 9.97284 0.998993 
Generation 267: Best fitness = 5619.21
Individual positions: [82 96 3 ] [93 86 5 ] [87 85 6 ] [90 86 6 ] [91 97 2 ] [90 94 6 ] [97 86 2 ] [90 91 5 ] [86 91 9 ] [89 73 19 ] 
Individual lux values: 9.28831 9.84954 9.97925 9.84344 9.97833 9.94385 9.9588 0.828883 9.97284 0.998993 
Generation 268: Best fitness = 5619.21
Individual positions: [82 96 3 ] [93 86 5 ] [87 85 6 ] [90 86 6 ] [91 97 2 ] [90 94 6 ] [97 86 2 ] [90 91 5 ] [86 91 9 ] [89 73 19 ] 
Individual lux values: 9.28831 9.84954 9.97925 9.84344 9.97833 9.94385 9.9588 0.828883 9.97284 0.998993 
Generation 269: Best fitness = 5619.21
Individual positions: [82 96 3 ] [93 86 5 ] [87 85 6 ] [90 86 6 ] [91 97 2 ] [90 94 6 ] [97 86 2 ] [90 91 5 ] [86 91 9 ] [89 73 19 ] 
Individual lux values: 9.28831 9.84954 9.97925 9.84344 9.97833 9.94385 9.9588 0.828883 9.97284 0.998993 
Generation 270: Best fitness = 5619.21
Individual positions: [82 96 3 ] [93 86 5 ] [87 85 6 ] [90 86 6 ] [91 97 2 ] [90 94 6 ] [97 86 2 ] [90 91 5 ] [86 91 9 ] [89 73 19 ] 
Individual lux values: 9.28831 9.84954 9.97925 9.84344 9.97833 9.94385 9.9588 0.828883 9.97284 0.998993 
Generation 271: Best fitness = 5619.21
Individual positions: [82 96 3 ] [93 86 5 ] [87 85 6 ] [90 86 6 ] [91 97 2 ] [90 94 6 ] [97 86 2 ] [90 91 5 ] [86 91 9 ] [89 73 19 ] 
Individual lux values: 9.28831 9.84954 9.97925 9.84344 9.97833 9.94385 9.9588 0.828883 9.97284 0.998993 
Generation 272: Best fitness = 5619.21
Individual positions: [82 96 3 ] [93 86 5 ] [87 85 6 ] [90 86 6 ] [91 97 2 ] [90 94 6 ] [97 86 2 ] [90 91 5 ] [86 91 9 ] [89 73 19 ] 
Individual lux values: 9.28831 9.84954 9.97925 9.84344 9.97833 9.94385 9.9588 0.828883 9.97284 0.998993 
Generation 273: Best fitness = 5619.21
Individual positions: [82 96 3 ] [93 86 5 ] [87 85 6 ] [90 86 6 ] [91 97 2 ] [90 94 6 ] [97 86 2 ] [90 91 5 ] [86 91 9 ] [89 73 19 ] 
Individual lux values: 9.28831 9.84954 9.97925 9.84344 9.97833 9.94385 9.9588 0.828883 9.97284 0.998993 
Generation 274: Best fitness = 5619.21
Individual positions: [82 96 3 ] [93 86 5 ] [87 85 6 ] [90 86 6 ] [91 97 2 ] [90 94 6 ] [97 86 2 ] [90 91 5 ] [86 91 9 ] [89 73 19 ] 
Individual lux values: 9.28831 9.84954 9.97925 9.84344 9.97833 9.94385 9.9588 0.828883 9.97284 0.998993 
Generation 275: Best fitness = 5619.21
Individual positions: [82 96 3 ] [93 86 5 ] [87 85 6 ] [90 86 6 ] [91 97 2 ] [90 94 6 ] [97 86 2 ] [90 91 5 ] [86 91 9 ] [89 73 19 ] 
Individual lux values: 9.28831 9.84954 9.97925 9.84344 9.97833 9.94385 9.9588 0.828883 9.97284 0.998993 
Generation 276: Best fitness = 5619.21
Individual positions: [82 96 3 ] [93 86 5 ] [87 85 6 ] [90 86 6 ] [91 97 2 ] [90 94 6 ] [97 86 2 ] [90 91 5 ] [86 91 9 ] [89 73 19 ] 
Individual lux values: 9.28831 9.84954 9.97925 9.84344 9.97833 9.94385 9.9588 0.828883 9.97284 0.998993 
Generation 277: Best fitness = 5619.21
Individual positions: [82 96 3 ] [93 86 5 ] [87 85 6 ] [90 86 6 ] [91 97 2 ] [90 94 6 ] [97 86 2 ] [90 91 5 ] [86 91 9 ] [89 73 19 ] 
Individual lux values: 9.28831 9.84954 9.97925 9.84344 9.97833 9.94385 9.9588 0.828883 9.97284 0.998993 
Generation 278: Best fitness = 5619.21
Individual positions: [82 96 3 ] [93 86 5 ] [87 85 6 ] [90 86 6 ] [91 97 2 ] [90 94 6 ] [97 86 2 ] [90 91 5 ] [86 91 9 ] [89 73 19 ] 
Individual lux values: 9.28831 9.84954 9.97925 9.84344 9.97833 9.94385 9.9588 0.828883 9.97284 0.998993 
Generation 279: Best fitness = 5619.21
Individual positions: [82 96 3 ] [93 86 5 ] [87 85 6 ] [90 86 6 ] [91 97 2 ] [90 94 6 ] [97 86 2 ] [90 91 5 ] [86 91 9 ] [89 73 19 ] 
Individual lux values: 9.28831 9.84954 9.97925 9.84344 9.97833 9.94385 9.9588 0.828883 9.97284 0.998993 
Generation 280: Best fitness = 5619.21
Individual positions: [82 96 3 ] [93 86 5 ] [87 85 6 ] [90 86 6 ] [91 97 2 ] [90 94 6 ] [97 86 2 ] [90 91 5 ] [86 91 9 ] [89 73 19 ] 
Individual lux values: 9.28831 9.84954 9.97925 9.84344 9.97833 9.94385 9.9588 0.828883 9.97284 0.998993 
Generation 281: Best fitness = 5619.21
Individual positions: [82 96 3 ] [93 86 5 ] [87 85 6 ] [90 86 6 ] [91 97 2 ] [90 94 6 ] [97 86 2 ] [90 91 5 ] [86 91 9 ] [89 73 19 ] 
Individual lux values: 9.28831 9.84954 9.97925 9.84344 9.97833 9.94385 9.9588 0.828883 9.97284 0.998993 
Generation 282: Best fitness = 5619.21
Individual positions: [82 96 3 ] [93 86 5 ] [87 85 6 ] [90 86 6 ] [91 97 2 ] [90 94 6 ] [97 86 2 ] [90 91 5 ] [86 91 9 ] [89 73 19 ] 
Individual lux values: 9.28831 9.84954 9.97925 9.84344 9.97833 9.94385 9.9588 0.828883 9.97284 0.998993 
Generation 283: Best fitness = 5619.21
Individual positions: [82 96 3 ] [93 86 5 ] [87 85 6 ] [90 86 6 ] [91 97 2 ] [90 94 6 ] [97 86 2 ] [90 91 5 ] [86 91 9 ] [89 73 19 ] 
Individual lux values: 9.28831 9.84954 9.97925 9.84344 9.97833 9.94385 9.9588 0.828883 9.97284 0.998993 
Generation 284: Best fitness = 5619.21
Individual positions: [82 96 3 ] [93 86 5 ] [87 85 6 ] [90 86 6 ] [91 97 2 ] [90 94 6 ] [97 86 2 ] [90 91 5 ] [86 91 9 ] [89 73 19 ] 
Individual lux values: 9.28831 9.84954 9.97925 9.84344 9.97833 9.94385 9.9588 0.828883 9.97284 0.998993 
Generation 285: Best fitness = 5619.21
Individual positions: [82 96 3 ] [93 86 5 ] [87 85 6 ] [90 86 6 ] [91 97 2 ] [90 94 6 ] [97 86 2 ] [90 91 5 ] [86 91 9 ] [89 73 19 ] 
Individual lux values: 9.28831 9.84954 9.97925 9.84344 9.97833 9.94385 9.9588 0.828883 9.97284 0.998993 
Generation 286: Best fitness = 5514.74
Individual positions: [82 96 3 ] [93 86 5 ] [87 85 6 ] [90 86 6 ] [91 97 2 ] [90 94 6 ] [86 90 5 ] [90 91 5 ] [86 91 9 ] [89 73 19 ] 
Individual lux values: 9.28831 9.84954 9.97925 9.84344 9.97833 9.94385 9.9588 0.828883 9.97284 0.998993 
Generation 287: Best fitness = 5514.74
Individual positions: [82 96 3 ] [93 86 5 ] [87 85 6 ] [90 86 6 ] [91 97 2 ] [90 94 6 ] [86 90 5 ] [90 91 5 ] [86 91 9 ] [89 73 19 ] 
Individual lux values: 9.28831 9.84954 9.97925 9.84344 9.97833 9.94385 9.9588 0.828883 9.97284 0.998993 
Generation 288: Best fitness = 5514.74
Individual positions: [82 96 3 ] [93 86 5 ] [87 85 6 ] [90 86 6 ] [91 97 2 ] [90 94 6 ] [86 90 5 ] [90 91 5 ] [86 91 9 ] [89 73 19 ] 
Individual lux values: 9.28831 9.84954 9.97925 9.84344 9.97833 9.94385 9.9588 0.828883 9.97284 0.998993 
Generation 289: Best fitness = 5514.74
Individual positions: [82 96 3 ] [93 86 5 ] [87 85 6 ] [90 86 6 ] [91 97 2 ] [90 94 6 ] [86 90 5 ] [90 91 5 ] [86 91 9 ] [89 73 19 ] 
Individual lux values: 9.28831 9.84954 9.97925 9.84344 9.97833 9.94385 9.9588 0.828883 9.97284 0.998993 
Generation 290: Best fitness = 5514.74
Individual positions: [82 96 3 ] [93 86 5 ] [87 85 6 ] [90 86 6 ] [91 97 2 ] [90 94 6 ] [86 90 5 ] [90 91 5 ] [86 91 9 ] [89 73 19 ] 
Individual lux values: 9.28831 9.84954 9.97925 9.84344 9.97833 9.94385 9.9588 0.828883 9.97284 0.998993 
Generation 291: Best fitness = 5514.74
Individual positions: [82 96 3 ] [93 86 5 ] [87 85 6 ] [90 86 6 ] [91 97 2 ] [90 94 6 ] [86 90 5 ] [90 91 5 ] [86 91 9 ] [89 73 19 ] 
Individual lux values: 9.28831 9.84954 9.97925 9.84344 9.97833 9.94385 9.9588 0.828883 9.97284 0.998993 
Generation 292: Best fitness = 5514.74
Individual positions: [82 96 3 ] [93 86 5 ] [87 85 6 ] [90 86 6 ] [91 97 2 ] [90 94 6 ] [86 90 5 ] [90 91 5 ] [86 91 9 ] [89 73 19 ] 
Individual lux values: 9.28831 9.84954 9.97925 9.84344 9.97833 9.94385 9.9588 0.828883 9.97284 0.998993 
Generation 293: Best fitness = 5514.74
Individual positions: [82 96 3 ] [93 86 5 ] [87 85 6 ] [90 86 6 ] [91 97 2 ] [90 94 6 ] [86 90 5 ] [90 91 5 ] [86 91 9 ] [89 73 19 ] 
Individual lux values: 9.28831 9.84954 9.97925 9.84344 9.97833 9.94385 9.9588 0.828883 9.97284 0.998993 
Generation 294: Best fitness = 5514.74
Individual positions: [82 96 3 ] [93 86 5 ] [87 85 6 ] [90 86 6 ] [91 97 2 ] [90 94 6 ] [86 90 5 ] [90 91 5 ] [86 91 9 ] [89 73 19 ] 
Individual lux values: 9.28831 9.84954 9.97925 9.84344 9.97833 9.94385 9.9588 0.828883 9.97284 0.998993 
Generation 295: Best fitness = 5514.74
Individual positions: [82 96 3 ] [93 86 5 ] [87 85 6 ] [90 86 6 ] [91 97 2 ] [90 94 6 ] [86 90 5 ] [90 91 5 ] [86 91 9 ] [89 73 19 ] 
Individual lux values: 9.28831 9.84954 9.97925 9.84344 9.97833 9.94385 9.9588 0.828883 9.97284 0.998993 
Generation 296: Best fitness = 5179.64
Individual positions: [85 91 7 ] [93 86 5 ] [87 85 6 ] [90 86 6 ] [91 97 2 ] [90 94 6 ] [86 90 5 ] [90 91 5 ] [86 91 9 ] [89 73 19 ] 
Individual lux values: 9.28831 8.84854 1.11332 3.25877 9.70244 7.62627 9.9588 0.828883 9.97284 0.998993 
Generation 297: Best fitness = 5126.28
Individual positions: [85 91 7 ] [93 86 5 ] [87 85 6 ] [90 86 6 ] [91 97 2 ] [90 94 6 ] [86 90 5 ] [90 91 5 ] [86 91 9 ] [89 73 19 ] 
Individual lux values: 9.28831 9.84954 9.97925 9.84344 9.97833 9.94385 9.9588 0.828883 9.97284 0.998993 
Generation 298: Best fitness = 5126.28
Individual positions: [85 91 7 ] [93 86 5 ] [87 85 6 ] [90 86 6 ] [91 97 2 ] [90 94 6 ] [86 90 5 ] [90 91 5 ] [86 91 9 ] [89 73 19 ] 
Individual lux values: 9.28831 9.84954 9.97925 9.84344 9.97833 9.94385 9.9588 0.828883 9.97284 0.998993 
Generation 299: Best fitness = 5126.28
Individual positions: [85 91 7 ] [93 86 5 ] [87 85 6 ] [90 86 6 ] [91 97 2 ] [90 94 6 ] [86 90 5 ] [90 91 5 ] [86 91 9 ] [89 73 19 ] 
Individual lux values: 9.28831 9.84954 9.97925 9.84344 9.97833 9.94385 9.9588 0.828883 9.97284 0.998993 
