----------------------------------------
mutation_probability: 10
crossover_probability: 60
parent_ratio: 2
tournament_size: 20
population_size: 2000
n_positions: 10
dimensions: 3
min: 0
max: 100
roulette_selection_used: true
----------------------------------------
Generation 0: Best fitness = 168491
Individual positions: [83 3 51 ] [66 42 10 ] [94 92 54 ] [34 47 37 ] [84 31 45 ] [27 98 29 ] [73 56 19 ] [76 83 39 ] [50 89 2 ] [99 57 5 ] 
Individual lux values: 0.732017 0.405591 0.27958 0.568743 0.682241 0.755852 0.721915 0.475295 0.12302 0.367809 
Generation 1: Best fitness = 174855
Individual positions: [83 3 51 ] [66 42 10 ] [94 92 54 ] [34 47 37 ] [84 31 45 ] [27 98 29 ] [64 83 53 ] [76 83 39 ] [50 89 2 ] [99 57 5 ] 
Individual lux values: 0.732017 8.05017 8.85983 5.59252 6.10706 2.83029 1.64342 0.475295 0.12302 0.367809 
Generation 2: Best fitness = 203273
Individual positions: [87 71 4 ] [55 77 56 ] [36 55 27 ] [41 9 28 ] [85 81 33 ] [91 16 73 ] [67 41 39 ] [79 38 28 ] [76 73 44 ] [46 33 21 ] 
Individual lux values: 0.394055 0.665242 0.798303 0.014069 0.658193 0.942717 0.664663 0.594165 0.554094 0.824946 
Generation 3: Best fitness = 203273
Individual positions: [87 71 4 ] [55 77 56 ] [36 55 27 ] [41 9 28 ] [85 81 33 ] [91 16 73 ] [67 41 39 ] [79 38 28 ] [76 73 44 ] [46 33 21 ] 
Individual lux values: 0.394055 0.665242 0.798303 0.014069 0.658193 0.942717 0.664663 0.594165 0.554094 0.824946 
Generation 4: Best fitness = 203273
Individual positions: [87 71 4 ] [55 77 56 ] [36 55 27 ] [41 9 28 ] [85 81 33 ] [91 16 73 ] [67 41 39 ] [79 38 28 ] [76 73 44 ] [46 33 21 ] 
Individual lux values: 0.394055 0.665242 0.798303 0.014069 0.658193 0.942717 0.664663 0.594165 0.554094 0.824946 
Generation 5: Best fitness = 199702
Individual positions: [23 65 25 ] [51 99 1 ] [47 32 18 ] [64 87 63 ] [56 85 25 ] [41 82 35 ] [41 2 23 ] [98 61 53 ] [46 56 19 ] [34 65 33 ] 
Individual lux values: 4.97726 3.043 4.77157 8.50337 5.47472 0.310068 2.80526 6.55599 0.653523 0.256233 
Generation 6: Best fitness = 201816
Individual positions: [68 28 61 ] [31 47 42 ] [50 94 42 ] [74 47 18 ] [32 84 55 ] [56 79 7 ] [89 12 2 ] [98 61 53 ] [46 56 19 ] [34 65 33 ] 
Individual lux values: 0.289193 0.313944 0.0702536 9.42747 0.316385 0.560137 0.38789 0.6433 0.653523 0.256233 
Generation 7: Best fitness = 210709
Individual positions: [68 28 61 ] [31 47 42 ] [79 29 53 ] [54 76 68 ] [93 47 49 ] [49 77 13 ] [94 94 79 ] [75 65 18 ] [46 56 19 ] [34 65 33 ] 
Individual lux values: 0.289193 0.313944 0.0702536 5.14237 3.02225 6.38905 0.38789 0.6433 0.653523 0.256233 
Generation 8: Best fitness = 210709
Individual positions: [68 28 61 ] [31 47 42 ] [79 29 53 ] [54 76 68 ] [93 47 49 ] [49 77 13 ] [94 94 79 ] [75 65 18 ] [46 56 19 ] [34 65 33 ] 
Individual lux values: 0.289193 0.313944 0.0702536 5.14237 3.02225 6.38905 0.38789 0.6433 0.653523 0.256233 
Generation 9: Best fitness = 217817
Individual positions: [68 28 61 ] [31 47 42 ] [50 94 42 ] [32 92 73 ] [32 84 55 ] [87 82 55 ] [64 82 40 ] [33 95 20 ] [46 56 19 ] [34 65 33 ] 
Individual lux values: 6.70461 5.45854 7.16636 5.10086 6.2215 0.795923 0.133366 7.32627 0.653523 0.256233 
Generation 10: Best fitness = 193896
Individual positions: [26 85 13 ] [81 82 31 ] [79 37 39 ] [18 35 30 ] [42 63 47 ] [59 58 18 ] [15 92 18 ] [98 61 53 ] [46 56 19 ] [34 65 33 ] 
Individual lux values: 0.289193 0.313944 0.0702536 4.75021 6.63442 6.28376 4.06262 7.64977 0.653523 0.256233 
Generation 11: Best fitness = 221147
Individual positions: [68 28 61 ] [31 47 42 ] [50 94 42 ] [48 52 21 ] [62 76 12 ] [44 60 34 ] [41 2 23 ] [62 45 40 ] [46 56 19 ] [34 65 33 ] 
Individual lux values: 2.31513 3.87585 6.26972 9.41679 9.31913 5.60228 1.72491 4.60555 7.21274 0.256233 
Generation 12: Best fitness = 214931
Individual positions: [34 88 27 ] [59 93 24 ] [16 97 1 ] [83 78 41 ] [73 55 20 ] [25 65 61 ] [14 7 5 ] [62 45 40 ] [46 56 19 ] [34 65 33 ] 
Individual lux values: 0.289193 0.313944 8.82809 4.77462 9.76714 5.40635 0.892056 9.63286 6.24805 0.256233 
Generation 13: Best fitness = 214463
Individual positions: [68 28 61 ] [31 47 42 ] [72 24 5 ] [43 67 0 ] [79 77 24 ] [70 80 43 ] [41 2 23 ] [62 45 40 ] [46 56 19 ] [34 65 33 ] 
Individual lux values: 9.52177 0.313944 0.0702536 9.42747 0.316385 2.15766 8.08985 0.6433 7.21274 0.256233 
Generation 14: Best fitness = 187100
Individual positions: [68 28 61 ] [31 47 42 ] [50 94 42 ] [70 74 61 ] [95 79 24 ] [99 78 65 ] [72 92 28 ] [29 57 46 ] [46 56 19 ] [34 65 33 ] 
Individual lux values: 9.52177 0.313944 0.0702536 9.42747 0.316385 0.560137 0.38789 0.6433 9.43236 0.256233 
Generation 15: Best fitness = 177432
Individual positions: [68 28 61 ] [31 47 42 ] [50 94 42 ] [54 89 10 ] [55 84 2 ] [88 91 11 ] [68 80 45 ] [33 24 32 ] [46 56 19 ] [34 65 33 ] 
Individual lux values: 9.52177 8.61782 7.77551 9.42747 0.316385 0.560137 0.38789 0.6433 7.21274 0.256233 
Generation 16: Best fitness = 214550
Individual positions: [68 28 61 ] [31 47 42 ] [50 94 42 ] [32 92 73 ] [88 74 37 ] [65 41 45 ] [38 81 31 ] [62 45 40 ] [46 56 19 ] [34 65 33 ] 
Individual lux values: 9.52177 0.313944 5.56322 6.98325 9.6234 7.64 0.870998 9.05515 7.21274 0.256233 
Generation 17: Best fitness = 168626
Individual positions: [68 28 61 ] [31 47 42 ] [50 94 42 ] [68 78 19 ] [77 42 39 ] [98 43 67 ] [77 72 58 ] [97 93 22 ] [89 67 20 ] [34 65 33 ] 
Individual lux values: 9.52177 0.313944 6.34663 8.10175 8.9581 2.27699 6.89596 7.58873 7.21274 0.256233 
Generation 18: Best fitness = 168626
Individual positions: [68 28 61 ] [31 47 42 ] [50 94 42 ] [68 78 19 ] [77 42 39 ] [98 43 67 ] [77 72 58 ] [97 93 22 ] [89 67 20 ] [34 65 33 ] 
Individual lux values: 9.52177 0.313944 6.34663 8.10175 8.9581 2.27699 6.89596 7.58873 7.21274 0.256233 
Generation 19: Best fitness = 168626
Individual positions: [68 28 61 ] [31 47 42 ] [50 94 42 ] [68 78 19 ] [77 42 39 ] [98 43 67 ] [77 72 58 ] [97 93 22 ] [89 67 20 ] [34 65 33 ] 
Individual lux values: 9.52177 0.313944 6.34663 8.10175 8.9581 2.27699 6.89596 7.58873 7.21274 0.256233 
Generation 20: Best fitness = 166417
Individual positions: [68 28 61 ] [90 88 30 ] [87 16 31 ] [36 55 1 ] [81 45 37 ] [77 43 23 ] [93 81 6 ] [62 45 40 ] [46 56 19 ] [34 65 33 ] 
Individual lux values: 9.52177 0.313944 0.0702536 6.76351 9.96216 2.32093 0.38789 0.6433 7.21274 0.256233 
Generation 21: Best fitness = 166417
Individual positions: [68 28 61 ] [90 88 30 ] [87 16 31 ] [36 55 1 ] [81 45 37 ] [77 43 23 ] [93 81 6 ] [62 45 40 ] [46 56 19 ] [34 65 33 ] 
Individual lux values: 9.52177 0.313944 0.0702536 6.76351 9.96216 2.32093 0.38789 0.6433 7.21274 0.256233 
Generation 22: Best fitness = 166417
Individual positions: [68 28 61 ] [90 88 30 ] [87 16 31 ] [36 55 1 ] [81 45 37 ] [77 43 23 ] [93 81 6 ] [62 45 40 ] [46 56 19 ] [34 65 33 ] 
Individual lux values: 9.52177 0.313944 0.0702536 6.76351 9.96216 2.32093 0.38789 0.6433 7.21274 0.256233 
Generation 23: Best fitness = 179885
Individual positions: [68 28 61 ] [90 88 30 ] [50 94 42 ] [13 93 5 ] [73 36 57 ] [77 86 55 ] [98 53 0 ] [62 45 40 ] [46 56 19 ] [34 65 33 ] 
Individual lux values: 9.52177 0.313944 0.0702536 9.42747 8.78597 9.53703 4.57503 7.11173 7.21274 0.256233 
Generation 24: Best fitness = 182887
Individual positions: [68 28 61 ] [90 88 30 ] [50 94 42 ] [78 46 4 ] [32 84 55 ] [14 80 28 ] [19 60 9 ] [89 95 6 ] [46 56 19 ] [34 65 33 ] 
Individual lux values: 9.52177 2.72164 0.0702536 1.27506 0.316385 0.560137 0.38789 0.6433 7.21274 0.256233 
Generation 25: Best fitness = 184078
Individual positions: [68 28 61 ] [90 88 30 ] [96 82 31 ] [27 71 93 ] [52 98 53 ] [64 78 12 ] [86 87 23 ] [25 64 37 ] [46 56 19 ] [34 65 33 ] 
Individual lux values: 9.52177 2.72164 2.42012 6.26057 4.17127 0.560137 0.38789 0.6433 7.21274 0.256233 
Generation 26: Best fitness = 180821
Individual positions: [68 28 61 ] [90 88 30 ] [98 92 39 ] [97 20 32 ] [85 15 41 ] [25 97 29 ] [92 63 0 ] [62 45 40 ] [46 56 19 ] [34 65 33 ] 
Individual lux values: 0.225837 2.67891 0.0702536 1.27506 0.316385 0.560137 0.38789 0.6433 7.21274 0.256233 
Generation 27: Best fitness = 171474
Individual positions: [68 28 61 ] [90 88 30 ] [41 64 50 ] [61 78 52 ] [99 64 50 ] [97 46 63 ] [53 31 0 ] [86 90 8 ] [46 56 19 ] [34 65 33 ] 
Individual lux values: 4.9498 4.69893 3.87432 2.61696 0.316385 0.560137 0.38789 0.6433 7.21274 0.256233 
Generation 28: Best fitness = 170271
Individual positions: [68 28 61 ] [90 88 30 ] [50 94 42 ] [67 98 72 ] [84 96 24 ] [82 29 28 ] [50 63 36 ] [80 20 49 ] [55 89 3 ] [34 65 33 ] 
Individual lux values: 5.56108 3.32743 9.11771 0.958281 3.36314 0.682394 5.17685 7.17582 5.21592 0.256233 
Generation 29: Best fitness = 170271
Individual positions: [68 28 61 ] [90 88 30 ] [50 94 42 ] [67 98 72 ] [84 96 24 ] [82 29 28 ] [50 63 36 ] [80 20 49 ] [55 89 3 ] [34 65 33 ] 
Individual lux values: 5.56108 3.32743 9.11771 0.958281 3.36314 0.682394 5.17685 7.17582 5.21592 0.256233 
Generation 30: Best fitness = 170271
Individual positions: [68 28 61 ] [90 88 30 ] [50 94 42 ] [67 98 72 ] [84 96 24 ] [82 29 28 ] [50 63 36 ] [80 20 49 ] [55 89 3 ] [34 65 33 ] 
Individual lux values: 5.56108 3.32743 9.11771 0.958281 3.36314 0.682394 5.17685 7.17582 5.21592 0.256233 
Generation 31: Best fitness = 202515
Individual positions: [68 28 61 ] [90 88 30 ] [87 74 16 ] [64 91 57 ] [96 81 23 ] [11 81 29 ] [12 24 16 ] [89 15 32 ] [46 56 19 ] [34 65 33 ] 
Individual lux values: 3.40892 8.97916 3.55663 8.46126 8.06726 4.62416 2.06427 0.6433 6.04114 0.256233 
Generation 32: Best fitness = 175073
Individual positions: [68 28 61 ] [90 88 30 ] [88 75 51 ] [92 60 41 ] [30 80 82 ] [49 82 61 ] [93 37 6 ] [81 99 11 ] [46 56 19 ] [34 65 33 ] 
Individual lux values: 4.98245 4.08032 0.700095 7.00522 0.879849 2.03497 1.78838 0.6433 6.04114 0.256233 
Generation 33: Best fitness = 170943
Individual positions: [65 96 34 ] [38 82 17 ] [60 91 71 ] [92 39 40 ] [54 87 36 ] [75 69 6 ] [28 34 27 ] [85 46 61 ] [46 56 19 ] [34 65 33 ] 
Individual lux values: 3.40892 8.97916 3.55663 8.46126 5.50157 2.90841 8.06238 3.36375 1.51463 0.256233 
Generation 34: Best fitness = 170943
Individual positions: [65 96 34 ] [38 82 17 ] [60 91 71 ] [92 39 40 ] [54 87 36 ] [75 69 6 ] [28 34 27 ] [85 46 61 ] [46 56 19 ] [34 65 33 ] 
Individual lux values: 3.40892 8.97916 3.55663 8.46126 5.50157 2.90841 8.06238 3.36375 1.51463 0.256233 
Generation 35: Best fitness = 170943
Individual positions: [65 96 34 ] [38 82 17 ] [60 91 71 ] [92 39 40 ] [54 87 36 ] [75 69 6 ] [28 34 27 ] [85 46 61 ] [46 56 19 ] [34 65 33 ] 
Individual lux values: 3.40892 8.97916 3.55663 8.46126 5.50157 2.90841 8.06238 3.36375 1.51463 0.256233 
Generation 36: Best fitness = 170943
Individual positions: [65 96 34 ] [38 82 17 ] [60 91 71 ] [92 39 40 ] [54 87 36 ] [75 69 6 ] [28 34 27 ] [85 46 61 ] [46 56 19 ] [34 65 33 ] 
Individual lux values: 3.40892 8.97916 3.55663 8.46126 5.50157 2.90841 8.06238 3.36375 1.51463 0.256233 
Generation 37: Best fitness = 170943
Individual positions: [65 96 34 ] [38 82 17 ] [60 91 71 ] [92 39 40 ] [54 87 36 ] [75 69 6 ] [28 34 27 ] [85 46 61 ] [46 56 19 ] [34 65 33 ] 
Individual lux values: 3.40892 8.97916 3.55663 8.46126 5.50157 2.90841 8.06238 3.36375 1.51463 0.256233 
Generation 38: Best fitness = 169959
Individual positions: [68 28 61 ] [90 88 30 ] [50 94 42 ] [73 23 1 ] [91 77 20 ] [19 95 16 ] [53 62 73 ] [75 72 13 ] [46 56 19 ] [34 65 33 ] 
Individual lux values: 1.78472 9.02402 6.73269 5.57756 7.38243 9.18973 0.377514 7.15537 0.284738 0.256233 
Generation 39: Best fitness = 174499
Individual positions: [68 28 61 ] [56 92 64 ] [68 64 4 ] [94 70 16 ] [68 50 26 ] [73 24 6 ] [78 72 17 ] [4 95 34 ] [46 56 19 ] [34 65 33 ] 
Individual lux values: 3.40892 8.97916 0.198981 4.43007 0.499588 8.51711 0.38789 0.6433 6.04114 0.256233 
Generation 40: Best fitness = 181565
Individual positions: [68 28 61 ] [90 88 30 ] [50 94 42 ] [95 42 35 ] [67 50 79 ] [76 39 15 ] [70 74 47 ] [42 47 19 ] [46 56 19 ] [34 65 33 ] 
Individual lux values: 3.40892 8.97916 3.55663 0.480361 0.664388 1.8366 0.38789 0.6433 6.04114 0.256233 
Generation 41: Best fitness = 181565
Individual positions: [68 28 61 ] [90 88 30 ] [50 94 42 ] [95 42 35 ] [67 50 79 ] [76 39 15 ] [70 74 47 ] [42 47 19 ] [46 56 19 ] [34 65 33 ] 
Individual lux values: 3.40892 8.97916 3.55663 0.480361 0.664388 1.8366 0.38789 0.6433 6.04114 0.256233 
Generation 42: Best fitness = 203422
Individual positions: [68 28 61 ] [90 88 30 ] [50 94 42 ] [51 92 6 ] [96 61 13 ] [14 80 28 ] [49 56 75 ] [4 95 34 ] [46 56 19 ] [34 65 33 ] 
Individual lux values: 3.40892 8.97916 3.55663 8.46126 0.316385 1.8366 0.38789 0.0454726 0.476699 0.256233 
Generation 43: Best fitness = 213477
Individual positions: [68 28 61 ] [90 88 30 ] [85 57 40 ] [62 33 5 ] [98 55 45 ] [19 19 41 ] [92 95 50 ] [99 48 84 ] [46 56 19 ] [34 65 33 ] 
Individual lux values: 3.40892 4.86373 4.75967 8.52779 6.4214 1.44993 6.32527 8.55007 6.04114 0.256233 
Generation 44: Best fitness = 183210
Individual positions: [68 28 61 ] [90 88 30 ] [50 94 42 ] [36 56 39 ] [56 88 41 ] [72 54 6 ] [31 42 34 ] [85 84 73 ] [46 56 19 ] [34 65 33 ] 
Individual lux values: 3.40892 6.97409 5.97095 6.77084 0.316385 1.8366 0.38789 0.6433 6.04114 0.256233 
Generation 45: Best fitness = 185664
Individual positions: [68 28 61 ] [90 88 30 ] [50 94 42 ] [37 88 7 ] [32 84 55 ] [14 80 28 ] [49 93 14 ] [47 48 23 ] [46 56 19 ] [34 65 33 ] 
Individual lux values: 3.40892 7.17856 3.43577 8.59767 9.03897 1.74749 1.09043 6.95669 3.76263 0.256233 
Generation 46: Best fitness = 177379
Individual positions: [68 28 61 ] [90 88 30 ] [50 94 42 ] [37 88 7 ] [36 83 32 ] [67 7 25 ] [77 90 46 ] [41 63 25 ] [55 77 43 ] [34 65 33 ] 
Individual lux values: 3.40892 4.94278 0.683004 0.718711 4.87136 1.30924 5.28459 0.6433 6.04114 0.256233 
Generation 47: Best fitness = 180154
Individual positions: [68 28 61 ] [90 88 30 ] [50 94 42 ] [37 88 7 ] [32 84 55 ] [52 88 15 ] [88 88 45 ] [99 48 84 ] [46 56 19 ] [34 65 33 ] 
Individual lux values: 3.40892 4.94278 3.55663 6.6216 0.316385 1.8366 0.38789 0.279244 6.04114 0.256233 
Generation 48: Best fitness = 180154
Individual positions: [68 28 61 ] [90 88 30 ] [50 94 42 ] [37 88 7 ] [32 84 55 ] [52 88 15 ] [88 88 45 ] [99 48 84 ] [46 56 19 ] [34 65 33 ] 
Individual lux values: 3.40892 4.94278 3.55663 6.6216 0.316385 1.8366 0.38789 0.279244 6.04114 0.256233 
Generation 49: Best fitness = 180154
Individual positions: [68 28 61 ] [90 88 30 ] [50 94 42 ] [37 88 7 ] [32 84 55 ] [52 88 15 ] [88 88 45 ] [99 48 84 ] [46 56 19 ] [34 65 33 ] 
Individual lux values: 3.40892 4.94278 3.55663 6.6216 0.316385 1.8366 0.38789 0.279244 6.04114 0.256233 
Generation 50: Best fitness = 164818
Individual positions: [68 28 61 ] [90 88 30 ] [50 94 42 ] [37 88 7 ] [64 24 18 ] [59 65 16 ] [38 60 53 ] [82 71 27 ] [46 56 19 ] [34 65 33 ] 
Individual lux values: 3.40892 4.94278 3.55663 7.25394 9.60143 0.631428 2.2248 1.68859 0.678426 0.256233 
Generation 51: Best fitness = 164818
Individual positions: [68 28 61 ] [90 88 30 ] [50 94 42 ] [37 88 7 ] [64 24 18 ] [59 65 16 ] [38 60 53 ] [82 71 27 ] [46 56 19 ] [34 65 33 ] 
Individual lux values: 3.40892 4.94278 3.55663 7.25394 9.60143 0.631428 2.2248 1.68859 0.678426 0.256233 
Generation 52: Best fitness = 131794
Individual positions: [68 28 61 ] [90 88 30 ] [50 94 42 ] [37 88 7 ] [81 97 2 ] [57 53 25 ] [60 46 27 ] [99 99 4 ] [46 56 19 ] [34 65 33 ] 
Individual lux values: 3.40892 5.22721 2.82296 7.96136 0.316385 1.8366 0.38789 0.6433 6.04114 0.256233 
Generation 53: Best fitness = 164818
Individual positions: [68 28 61 ] [90 88 30 ] [50 94 42 ] [37 88 7 ] [64 24 18 ] [59 65 16 ] [38 60 53 ] [82 71 27 ] [46 56 19 ] [34 65 33 ] 
Individual lux values: 3.40892 4.94278 3.55663 7.25394 9.60143 0.631428 2.2248 1.68859 0.678426 0.256233 
Generation 54: Best fitness = 160034
Individual positions: [68 28 61 ] [90 88 30 ] [50 94 42 ] [37 88 7 ] [70 17 39 ] [47 66 34 ] [55 64 27 ] [94 84 17 ] [46 56 19 ] [34 65 33 ] 
Individual lux values: 4.11908 5.13718 8.26044 3.73333 7.66411 5.19028 8.56014 3.90057 6.64205 0.256233 
Generation 55: Best fitness = 181610
Individual positions: [68 28 61 ] [90 88 30 ] [50 94 42 ] [37 88 7 ] [45 26 14 ] [70 41 52 ] [81 68 44 ] [59 72 59 ] [46 56 19 ] [34 65 33 ] 
Individual lux values: 8.5229 0.615558 2.4427 4.27992 6.90481 1.8366 0.38789 0.6433 6.04114 0.256233 
Generation 56: Best fitness = 181610
Individual positions: [68 28 61 ] [90 88 30 ] [50 94 42 ] [37 88 7 ] [45 26 14 ] [70 41 52 ] [81 68 44 ] [59 72 59 ] [46 56 19 ] [34 65 33 ] 
Individual lux values: 8.5229 0.615558 2.4427 4.27992 6.90481 1.8366 0.38789 0.6433 6.04114 0.256233 
Generation 57: Best fitness = 181610
Individual positions: [68 28 61 ] [90 88 30 ] [50 94 42 ] [37 88 7 ] [45 26 14 ] [70 41 52 ] [81 68 44 ] [59 72 59 ] [46 56 19 ] [34 65 33 ] 
Individual lux values: 8.5229 0.615558 2.4427 4.27992 6.90481 1.8366 0.38789 0.6433 6.04114 0.256233 
Generation 58: Best fitness = 165810
Individual positions: [68 28 61 ] [90 88 30 ] [50 94 42 ] [37 88 7 ] [32 84 55 ] [80 64 8 ] [87 70 59 ] [23 49 34 ] [95 93 19 ] [34 65 33 ] 
Individual lux values: 3.40892 4.94278 3.55663 6.6216 0.316385 1.8366 4.48134 0.986663 9.55107 0.256233 
Generation 59: Best fitness = 147291
Individual positions: [68 28 61 ] [90 88 30 ] [76 53 42 ] [49 45 43 ] [24 91 11 ] [92 66 13 ] [62 95 47 ] [82 90 7 ] [46 56 19 ] [34 65 33 ] 
Individual lux values: 3.40892 4.94278 3.55663 2.99844 4.89395 0.979034 5.86322 3.93414 6.04114 0.256233 
Generation 60: Best fitness = 147291
Individual positions: [68 28 61 ] [90 88 30 ] [76 53 42 ] [49 45 43 ] [24 91 11 ] [92 66 13 ] [62 95 47 ] [82 90 7 ] [46 56 19 ] [34 65 33 ] 
Individual lux values: 3.40892 4.94278 3.55663 2.99844 4.89395 0.979034 5.86322 3.93414 6.04114 0.256233 
Generation 61: Best fitness = 165263
Individual positions: [68 28 61 ] [90 88 30 ] [50 94 42 ] [37 88 7 ] [77 73 58 ] [86 93 36 ] [55 75 48 ] [79 17 36 ] [46 56 19 ] [34 65 33 ] 
Individual lux values: 3.40892 4.94278 3.55663 9.43937 8.83877 8.0224 6.78396 3.87371 6.04114 0.256233 
Generation 62: Best fitness = 161892
Individual positions: [68 28 61 ] [90 88 30 ] [50 94 42 ] [37 88 7 ] [92 84 30 ] [82 55 4 ] [74 55 64 ] [79 17 36 ] [46 56 19 ] [34 65 33 ] 
Individual lux values: 3.40892 2.88949 4.71694 4.344 8.53053 3.94391 6.78396 3.87371 6.04114 0.256233 
Generation 63: Best fitness = 165263
Individual positions: [68 28 61 ] [90 88 30 ] [50 94 42 ] [37 88 7 ] [77 73 58 ] [86 93 36 ] [55 75 48 ] [79 17 36 ] [46 56 19 ] [34 65 33 ] 
Individual lux values: 3.40892 4.94278 3.55663 9.43937 8.83877 8.0224 6.78396 3.87371 6.04114 0.256233 
Generation 64: Best fitness = 159174
Individual positions: [68 28 61 ] [90 88 30 ] [50 94 42 ] [37 88 7 ] [76 79 4 ] [93 85 36 ] [74 55 64 ] [79 17 36 ] [46 56 19 ] [34 65 33 ] 
Individual lux values: 3.88806 0.0601215 4.29365 7.75262 0.671407 3.94391 6.78396 3.87371 6.04114 0.256233 
Generation 65: Best fitness = 159174
Individual positions: [68 28 61 ] [90 88 30 ] [50 94 42 ] [37 88 7 ] [76 79 4 ] [93 85 36 ] [74 55 64 ] [79 17 36 ] [46 56 19 ] [34 65 33 ] 
Individual lux values: 3.88806 0.0601215 4.29365 7.75262 0.671407 3.94391 6.78396 3.87371 6.04114 0.256233 
Generation 66: Best fitness = 176211
Individual positions: [68 28 61 ] [90 88 30 ] [50 94 42 ] [37 88 7 ] [72 36 25 ] [96 85 19 ] [35 37 21 ] [28 88 24 ] [25 80 35 ] [34 65 33 ] 
Individual lux values: 3.40892 4.94278 7.78344 8.91079 0.316385 3.94391 6.78396 3.87371 6.04114 0.256233 
Generation 67: Best fitness = 146969
Individual positions: [68 28 61 ] [90 88 30 ] [50 94 42 ] [37 88 7 ] [32 84 55 ] [65 95 8 ] [98 66 25 ] [83 86 51 ] [46 56 19 ] [34 65 33 ] 
Individual lux values: 3.40892 4.94278 3.55663 9.43937 0.316385 3.94391 6.70095 4.01135 6.04114 0.256233 
Generation 68: Best fitness = 181650
Individual positions: [68 28 61 ] [90 88 30 ] [50 94 42 ] [37 88 7 ] [32 84 55 ] [14 80 28 ] [74 55 64 ] [90 96 5 ] [46 56 19 ] [34 65 33 ] 
Individual lux values: 3.40892 4.94278 3.55663 9.43937 0.316385 3.94391 4.3614 2.88217 6.04114 0.256233 
Generation 69: Best fitness = 162355
Individual positions: [68 28 61 ] [90 88 30 ] [50 94 42 ] [37 88 7 ] [39 41 30 ] [60 83 24 ] [96 67 27 ] [73 52 18 ] [15 79 33 ] [34 65 33 ] 
Individual lux values: 3.40892 4.52956 9.76684 1.10538 2.04718 1.02237 3.67077 7.07785 7.58202 0.256233 
Generation 70: Best fitness = 162355
Individual positions: [68 28 61 ] [90 88 30 ] [50 94 42 ] [37 88 7 ] [39 41 30 ] [60 83 24 ] [96 67 27 ] [73 52 18 ] [15 79 33 ] [34 65 33 ] 
Individual lux values: 3.40892 4.52956 9.76684 1.10538 2.04718 1.02237 3.67077 7.07785 7.58202 0.256233 
Generation 71: Best fitness = 176544
Individual positions: [68 28 61 ] [90 88 30 ] [50 94 42 ] [35 99 51 ] [86 81 27 ] [50 68 2 ] [74 55 64 ] [79 17 36 ] [46 56 19 ] [34 65 33 ] 
Individual lux values: 3.40892 4.94278 3.55663 9.43937 0.316385 3.94391 5.30503 4.28907 6.04114 0.256233 
Generation 72: Best fitness = 178633
Individual positions: [96 92 42 ] [85 12 5 ] [45 91 19 ] [93 86 52 ] [96 51 46 ] [68 61 10 ] [22 35 25 ] [79 17 36 ] [46 56 19 ] [34 65 33 ] 
Individual lux values: 9.72655 0.51973 1.35472 9.43937 0.316385 3.94391 3.7199 3.87371 6.04114 0.256233 
Generation 73: Best fitness = 184794
Individual positions: [68 28 61 ] [90 88 30 ] [50 94 42 ] [37 88 7 ] [81 66 10 ] [81 17 36 ] [74 55 64 ] [79 17 36 ] [46 56 19 ] [34 65 33 ] 
Individual lux values: 3.40892 4.94278 3.55663 2.41859 8.8461 8.93948 3.39946 3.87371 6.04114 0.256233 
Generation 74: Best fitness = 164988
Individual positions: [68 28 61 ] [90 88 30 ] [72 89 87 ] [70 60 8 ] [59 37 16 ] [82 94 20 ] [26 98 39 ] [98 52 25 ] [46 56 19 ] [34 65 33 ] 
Individual lux values: 9.13297 4.94278 3.55663 9.43937 8.31019 8.8583 2.96335 2.8019 6.29902 0.256233 
Generation 75: Best fitness = 162430
Individual positions: [68 28 61 ] [90 88 30 ] [50 94 42 ] [37 88 7 ] [59 82 93 ] [77 69 47 ] [97 93 7 ] [98 59 18 ] [35 96 39 ] [34 65 33 ] 
Individual lux values: 9.13297 4.94278 3.55663 9.43937 2.27332 3.94391 2.96335 0.104678 8.35047 0.256233 
Generation 76: Best fitness = 170103
Individual positions: [68 28 61 ] [90 88 30 ] [50 94 42 ] [88 90 53 ] [77 46 21 ] [83 85 25 ] [90 24 40 ] [62 62 81 ] [46 56 19 ] [34 65 33 ] 
Individual lux values: 9.13297 4.94278 7.54204 9.43937 0.316385 3.94391 2.96335 2.8019 6.29902 0.256233 
Generation 77: Best fitness = 161757
Individual positions: [75 78 70 ] [84 53 15 ] [70 79 0 ] [39 22 8 ] [88 68 10 ] [57 91 24 ] [74 55 64 ] [79 17 36 ] [46 56 19 ] [34 65 33 ] 
Individual lux values: 8.96634 3.68511 1.16276 5.94928 8.55953 8.93704 0.832545 8.10846 6.29902 0.256233 
Generation 78: Best fitness = 161670
Individual positions: [68 28 61 ] [90 88 30 ] [50 94 42 ] [37 88 7 ] [98 69 18 ] [47 91 35 ] [29 56 24 ] [61 47 31 ] [78 26 16 ] [34 65 33 ] 
Individual lux values: 3.40892 4.94278 3.55663 9.43937 9.11496 9.93042 8.92209 3.87371 6.29902 0.256233 
Generation 79: Best fitness = 161670
Individual positions: [68 28 61 ] [90 88 30 ] [50 94 42 ] [37 88 7 ] [98 69 18 ] [47 91 35 ] [29 56 24 ] [61 47 31 ] [78 26 16 ] [34 65 33 ] 
Individual lux values: 3.40892 4.94278 3.55663 9.43937 9.11496 9.93042 8.92209 3.87371 6.29902 0.256233 
Generation 80: Best fitness = 143657
Individual positions: [68 28 61 ] [90 88 30 ] [50 94 42 ] [55 96 62 ] [54 96 2 ] [98 95 1 ] [74 55 64 ] [59 84 1 ] [46 56 19 ] [34 65 33 ] 
Individual lux values: 3.40892 4.94278 3.55663 9.43937 6.94845 2.60079 7.28294 6.26331 4.11115 0.256233 
Generation 81: Best fitness = 180226
Individual positions: [68 28 61 ] [90 88 30 ] [71 87 34 ] [47 70 82 ] [44 88 64 ] [74 83 26 ] [86 89 36 ] [79 17 36 ] [46 56 19 ] [34 65 33 ] 
Individual lux values: 6.54897 0.826136 0.814539 1.54149 4.81765 1.01779 2.96335 2.8019 6.29902 0.256233 
Generation 82: Best fitness = 180892
Individual positions: [68 28 61 ] [90 88 30 ] [50 94 42 ] [37 88 7 ] [64 55 77 ] [98 68 25 ] [34 81 17 ] [17 83 25 ] [46 56 19 ] [34 65 33 ] 
Individual lux values: 3.80352 4.94278 3.55663 4.30891 9.682 3.94391 7.47887 6.46016 6.29902 0.256233 
Generation 83: Best fitness = 178388
Individual positions: [68 28 61 ] [90 88 30 ] [50 94 42 ] [37 88 7 ] [24 89 19 ] [85 62 13 ] [74 55 64 ] [79 17 36 ] [46 56 19 ] [34 65 33 ] 
Individual lux values: 3.40892 4.94278 3.55663 9.43937 5.01419 3.94391 5.03616 2.20313 6.23066 0.256233 
Generation 84: Best fitness = 175073
Individual positions: [68 28 61 ] [90 88 30 ] [83 45 24 ] [85 87 27 ] [11 72 25 ] [87 87 33 ] [74 55 64 ] [79 17 36 ] [46 56 19 ] [34 65 33 ] 
Individual lux values: 0.872219 4.07208 1.92175 7.21061 6.27003 4.99527 4.07239 7.18955 3.4669 0.256233 
Generation 85: Best fitness = 168547
Individual positions: [68 28 61 ] [90 88 30 ] [50 94 42 ] [37 88 7 ] [46 89 13 ] [70 97 26 ] [60 84 2 ] [29 9 22 ] [46 56 19 ] [34 65 33 ] 
Individual lux values: 3.40892 6.36219 3.31004 9.43602 1.92236 3.94391 4.70107 5.98132 4.11115 0.256233 
Generation 86: Best fitness = 168547
Individual positions: [68 28 61 ] [90 88 30 ] [50 94 42 ] [37 88 7 ] [46 89 13 ] [70 97 26 ] [60 84 2 ] [29 9 22 ] [46 56 19 ] [34 65 33 ] 
Individual lux values: 3.40892 6.36219 3.31004 9.43602 1.92236 3.94391 4.70107 5.98132 4.11115 0.256233 
Generation 87: Best fitness = 168547
Individual positions: [68 28 61 ] [90 88 30 ] [50 94 42 ] [37 88 7 ] [46 89 13 ] [70 97 26 ] [60 84 2 ] [29 9 22 ] [46 56 19 ] [34 65 33 ] 
Individual lux values: 3.40892 6.36219 3.31004 9.43602 1.92236 3.94391 4.70107 5.98132 4.11115 0.256233 
Generation 88: Best fitness = 166882
Individual positions: [73 72 5 ] [47 50 54 ] [46 75 70 ] [93 92 78 ] [58 99 2 ] [62 82 41 ] [88 73 13 ] [79 17 36 ] [46 56 19 ] [34 65 33 ] 
Individual lux values: 4.07727 6.21509 1.25217 8.83541 1.86468 3.94391 4.70107 5.98132 4.11115 0.256233 
Generation 89: Best fitness = 166882
Individual positions: [73 72 5 ] [47 50 54 ] [46 75 70 ] [93 92 78 ] [58 99 2 ] [62 82 41 ] [88 73 13 ] [79 17 36 ] [46 56 19 ] [34 65 33 ] 
Individual lux values: 4.07727 6.21509 1.25217 8.83541 1.86468 3.94391 4.70107 5.98132 4.11115 0.256233 
Generation 90: Best fitness = 185105
Individual positions: [68 28 61 ] [90 88 30 ] [40 32 20 ] [76 66 16 ] [93 66 18 ] [35 68 63 ] [90 41 41 ] [93 18 35 ] [46 56 19 ] [34 65 33 ] 
Individual lux values: 3.40892 4.94278 3.55663 9.43937 5.01419 3.94391 3.90149 0.835597 4.11115 0.256233 
Generation 91: Best fitness = 156288
Individual positions: [68 28 61 ] [90 88 30 ] [50 94 42 ] [37 88 7 ] [50 97 44 ] [82 65 65 ] [55 62 10 ] [99 52 35 ] [46 56 19 ] [34 65 33 ] 
Individual lux values: 3.40892 4.94278 6.48915 9.43937 1.32572 8.90774 1.99042 5.98132 4.11115 0.256233 
Generation 92: Best fitness = 169697
Individual positions: [68 28 61 ] [90 88 30 ] [50 94 42 ] [10 57 24 ] [77 71 31 ] [87 71 33 ] [55 70 13 ] [72 16 1 ] [46 56 19 ] [34 65 33 ] 
Individual lux values: 8.85006 8.38954 4.40168 2.91726 1.38035 7.96106 5.31236 7.9696 4.11115 0.256233 
Generation 93: Best fitness = 169697
Individual positions: [68 28 61 ] [90 88 30 ] [50 94 42 ] [10 57 24 ] [77 71 31 ] [87 71 33 ] [55 70 13 ] [72 16 1 ] [46 56 19 ] [34 65 33 ] 
Individual lux values: 8.85006 8.38954 4.40168 2.91726 1.38035 7.96106 5.31236 7.9696 4.11115 0.256233 
Generation 94: Best fitness = 182251
Individual positions: [68 28 61 ] [90 88 30 ] [50 94 42 ] [37 88 7 ] [65 73 34 ] [26 67 12 ] [70 52 67 ] [51 36 36 ] [46 56 19 ] [34 65 33 ] 
Individual lux values: 8.48964 7.29881 5.52873 1.95868 9.03195 4.55794 2.38594 5.98132 4.11115 0.256233 
Generation 95: Best fitness = 177371
Individual positions: [68 28 61 ] [90 88 30 ] [89 98 67 ] [57 92 13 ] [59 88 37 ] [80 42 64 ] [97 71 59 ] [79 17 36 ] [46 56 19 ] [34 65 33 ] 
Individual lux values: 3.40892 4.94278 3.55663 3.68511 1.29093 0.295114 0.994598 1.22196 2.17048 0.256233 
Generation 96: Best fitness = 160901
Individual positions: [68 28 61 ] [90 88 30 ] [50 94 42 ] [37 88 7 ] [65 92 58 ] [98 67 32 ] [59 43 69 ] [75 90 50 ] [88 70 46 ] [34 65 33 ] 
Individual lux values: 3.40892 4.94278 3.55663 7.65191 9.2111 7.62261 2.38594 5.98132 4.11115 0.256233 
Generation 97: Best fitness = 160901
Individual positions: [68 28 61 ] [90 88 30 ] [50 94 42 ] [37 88 7 ] [65 92 58 ] [98 67 32 ] [59 43 69 ] [75 90 50 ] [88 70 46 ] [34 65 33 ] 
Individual lux values: 3.40892 4.94278 3.55663 7.65191 9.2111 7.62261 2.38594 5.98132 4.11115 0.256233 
Generation 98: Best fitness = 179860
Individual positions: [68 28 61 ] [90 88 30 ] [50 94 42 ] [37 88 7 ] [79 96 16 ] [77 7 6 ] [70 52 67 ] [79 17 36 ] [95 92 40 ] [34 65 33 ] 
Individual lux values: 9.11527 7.88324 6.39332 1.51341 5.01419 7.62261 2.38594 5.98132 1.42857 0.256233 
Generation 99: Best fitness = 182230
Individual positions: [68 28 61 ] [62 83 42 ] [50 94 42 ] [68 31 14 ] [86 51 27 ] [77 7 6 ] [86 97 27 ] [75 72 34 ] [15 51 16 ] [34 65 33 ] 
Individual lux values: 8.48628 4.94278 2.37342 9.04477 8.86258 1.78777 2.38594 5.98132 4.11115 0.256233 
Generation 100: Best fitness = 182230
Individual positions: [68 28 61 ] [62 83 42 ] [50 94 42 ] [68 31 14 ] [86 51 27 ] [77 7 6 ] [86 97 27 ] [75 72 34 ] [15 51 16 ] [34 65 33 ] 
Individual lux values: 8.48628 4.94278 2.37342 9.04477 8.86258 1.78777 2.38594 5.98132 4.11115 0.256233 
Generation 101: Best fitness = 178217
Individual positions: [68 28 61 ] [90 88 30 ] [50 94 42 ] [37 88 7 ] [63 67 68 ] [98 31 36 ] [31 86 40 ] [61 79 41 ] [46 56 19 ] [34 65 33 ] 
Individual lux values: 3.40892 4.94278 3.55663 9.43937 5.01419 7.62261 2.38594 9.8059 9.34385 0.256233 
Generation 102: Best fitness = 173445
Individual positions: [68 28 61 ] [90 88 30 ] [50 94 42 ] [79 47 27 ] [41 60 4 ] [84 31 3 ] [59 85 50 ] [79 17 36 ] [46 56 19 ] [34 65 33 ] 
Individual lux values: 8.48628 4.94278 9.62157 9.43937 5.01419 1.78777 2.38594 5.98132 4.11115 0.256233 
Generation 103: Best fitness = 173344
Individual positions: [68 28 61 ] [90 88 30 ] [50 94 42 ] [37 88 7 ] [99 67 31 ] [75 36 40 ] [58 81 9 ] [98 71 93 ] [76 26 2 ] [34 65 33 ] 
Individual lux values: 3.40892 7.81091 3.68297 6.65517 2.76467 8.54884 2.38594 5.98132 1.42857 0.256233 
Generation 104: Best fitness = 191868
Individual positions: [13 69 97 ] [71 76 4 ] [65 94 29 ] [64 47 7 ] [99 68 34 ] [32 95 73 ] [70 89 64 ] [76 72 12 ] [66 63 56 ] [34 65 33 ] 
Individual lux values: 1.85217 5.74816 1.78472 9.43937 5.01419 5.84155 4.66597 5.98132 4.11115 0.256233 
Generation 105: Best fitness = 155321
Individual positions: [68 28 61 ] [90 88 30 ] [50 94 42 ] [87 49 40 ] [79 49 61 ] [47 99 31 ] [61 76 16 ] [66 41 2 ] [46 56 19 ] [34 65 33 ] 
Individual lux values: 8.48628 9.63256 3.55663 5.29893 0.0402844 1.57811 8.26411 0.643025 4.11115 0.256233 
Generation 106: Best fitness = 170415
Individual positions: [68 28 61 ] [90 88 30 ] [44 63 16 ] [59 97 24 ] [42 69 60 ] [81 43 3 ] [75 75 61 ] [91 52 29 ] [15 72 19 ] [34 65 33 ] 
Individual lux values: 7.37785 2.01544 2.02765 6.12812 8.67794 9.69329 6.00177 7.97266 7.49107 0.256233 
Generation 107: Best fitness = 170415
Individual positions: [68 28 61 ] [90 88 30 ] [44 63 16 ] [59 97 24 ] [42 69 60 ] [81 43 3 ] [75 75 61 ] [91 52 29 ] [15 72 19 ] [34 65 33 ] 
Individual lux values: 7.37785 2.01544 2.02765 6.12812 8.67794 9.69329 6.00177 7.97266 7.49107 0.256233 
Generation 108: Best fitness = 170415
Individual positions: [68 28 61 ] [90 88 30 ] [44 63 16 ] [59 97 24 ] [42 69 60 ] [81 43 3 ] [75 75 61 ] [91 52 29 ] [15 72 19 ] [34 65 33 ] 
Individual lux values: 7.37785 2.01544 2.02765 6.12812 8.67794 9.69329 6.00177 7.97266 7.49107 0.256233 
Generation 109: Best fitness = 170415
Individual positions: [68 28 61 ] [90 88 30 ] [44 63 16 ] [59 97 24 ] [42 69 60 ] [81 43 3 ] [75 75 61 ] [91 52 29 ] [15 72 19 ] [34 65 33 ] 
Individual lux values: 7.37785 2.01544 2.02765 6.12812 8.67794 9.69329 6.00177 7.97266 7.49107 0.256233 
Generation 110: Best fitness = 159068
Individual positions: [68 28 61 ] [90 88 30 ] [50 94 42 ] [96 95 5 ] [80 19 35 ] [73 92 19 ] [89 60 47 ] [79 17 36 ] [46 56 19 ] [34 65 33 ] 
Individual lux values: 8.48628 0.653706 4.63515 0.0149541 0.0625629 1.78777 3.81603 0.643025 4.11115 0.256233 
Generation 111: Best fitness = 159068
Individual positions: [68 28 61 ] [90 88 30 ] [50 94 42 ] [96 95 5 ] [80 19 35 ] [73 92 19 ] [89 60 47 ] [79 17 36 ] [46 56 19 ] [34 65 33 ] 
Individual lux values: 8.48628 0.653706 4.63515 0.0149541 0.0625629 1.78777 3.81603 0.643025 4.11115 0.256233 
Generation 112: Best fitness = 159068
Individual positions: [68 28 61 ] [90 88 30 ] [50 94 42 ] [96 95 5 ] [80 19 35 ] [73 92 19 ] [89 60 47 ] [79 17 36 ] [46 56 19 ] [34 65 33 ] 
Individual lux values: 8.48628 0.653706 4.63515 0.0149541 0.0625629 1.78777 3.81603 0.643025 4.11115 0.256233 
Generation 113: Best fitness = 159068
Individual positions: [68 28 61 ] [90 88 30 ] [50 94 42 ] [96 95 5 ] [80 19 35 ] [73 92 19 ] [89 60 47 ] [79 17 36 ] [46 56 19 ] [34 65 33 ] 
Individual lux values: 8.48628 0.653706 4.63515 0.0149541 0.0625629 1.78777 3.81603 0.643025 4.11115 0.256233 
Generation 114: Best fitness = 166469
Individual positions: [60 65 22 ] [86 84 88 ] [50 94 42 ] [67 94 31 ] [79 65 4 ] [77 7 6 ] [29 84 48 ] [64 59 10 ] [46 56 19 ] [34 65 33 ] 
Individual lux values: 9.9939 4.94278 2.44179 8.55068 6.8627 1.78777 1.30711 0.643025 5.62212 0.256233 
Generation 115: Best fitness = 166469
Individual positions: [60 65 22 ] [86 84 88 ] [50 94 42 ] [67 94 31 ] [79 65 4 ] [77 7 6 ] [29 84 48 ] [64 59 10 ] [46 56 19 ] [34 65 33 ] 
Individual lux values: 9.9939 4.94278 2.44179 8.55068 6.8627 1.78777 1.30711 0.643025 5.62212 0.256233 
Generation 116: Best fitness = 166469
Individual positions: [60 65 22 ] [86 84 88 ] [50 94 42 ] [67 94 31 ] [79 65 4 ] [77 7 6 ] [29 84 48 ] [64 59 10 ] [46 56 19 ] [34 65 33 ] 
Individual lux values: 9.9939 4.94278 2.44179 8.55068 6.8627 1.78777 1.30711 0.643025 5.62212 0.256233 
Generation 117: Best fitness = 166469
Individual positions: [60 65 22 ] [86 84 88 ] [50 94 42 ] [67 94 31 ] [79 65 4 ] [77 7 6 ] [29 84 48 ] [64 59 10 ] [46 56 19 ] [34 65 33 ] 
Individual lux values: 9.9939 4.94278 2.44179 8.55068 6.8627 1.78777 1.30711 0.643025 5.62212 0.256233 
Generation 118: Best fitness = 167722
Individual positions: [60 65 22 ] [86 84 88 ] [50 94 42 ] [67 94 31 ] [79 67 22 ] [94 37 71 ] [29 84 48 ] [64 59 10 ] [46 56 19 ] [34 65 33 ] 
Individual lux values: 9.9939 9.65148 7.67052 8.55068 8.35902 4.80453 3.20139 3.77087 2.90323 0.256233 
Generation 119: Best fitness = 220431
Individual positions: [89 30 31 ] [1 70 93 ] [50 94 42 ] [67 94 31 ] [79 67 22 ] [94 37 71 ] [29 84 48 ] [64 59 10 ] [46 56 19 ] [34 65 33 ] 
Individual lux values: 9.9939 9.03226 7.48833 3.1962 8.19025 5.81408 3.24625 3.77087 2.90323 0.256233 
Generation 120: Best fitness = 216801
Individual positions: [77 75 5 ] [20 69 47 ] [60 87 47 ] [72 43 58 ] [79 65 4 ] [99 48 23 ] [15 35 53 ] [43 45 47 ] [54 30 52 ] [34 65 33 ] 
Individual lux values: 8.39747 8.258 5.27207 0.861843 9.93316 2.98379 4.67605 7.15934 4.11115 0.256233 
Generation 121: Best fitness = 210879
Individual positions: [96 30 40 ] [31 96 39 ] [77 79 10 ] [87 57 52 ] [76 69 81 ] [59 71 77 ] [34 91 33 ] [36 91 35 ] [11 96 35 ] [34 65 33 ] 
Individual lux values: 5.47929 4.94278 2.44179 3.8084 8.00073 8.07367 1.30711 0.643025 4.11115 0.256233 
Generation 122: Best fitness = 188958
Individual positions: [60 96 48 ] [57 50 19 ] [96 76 58 ] [41 59 80 ] [20 71 30 ] [82 73 2 ] [48 65 34 ] [57 68 24 ] [54 30 52 ] [34 65 33 ] 
Individual lux values: 5.47929 4.94278 2.44179 3.8084 6.8627 6.02527 7.17704 3.85235 4.11115 0.256233 
Generation 123: Best fitness = 203789
Individual positions: [96 30 40 ] [86 84 88 ] [62 58 37 ] [43 72 14 ] [79 65 4 ] [99 48 23 ] [79 38 47 ] [43 45 47 ] [35 21 42 ] [34 65 33 ] 
Individual lux values: 6.98233 8.38588 1.41301 5.33982 5.36882 2.35054 1.30711 1.18564 4.11115 0.256233 
Generation 124: Best fitness = 193522
Individual positions: [96 30 40 ] [86 84 88 ] [77 77 27 ] [34 84 48 ] [77 88 17 ] [32 78 29 ] [62 85 73 ] [38 87 4 ] [54 30 52 ] [34 65 33 ] 
Individual lux values: 5.47929 4.94278 2.44179 3.8084 3.81176 0.311594 3.94879 6.12171 4.11115 0.256233 
Generation 125: Best fitness = 193522
Individual positions: [96 30 40 ] [86 84 88 ] [77 77 27 ] [34 84 48 ] [77 88 17 ] [32 78 29 ] [62 85 73 ] [38 87 4 ] [54 30 52 ] [34 65 33 ] 
Individual lux values: 5.47929 4.94278 2.44179 3.8084 3.81176 0.311594 3.94879 6.12171 4.11115 0.256233 
Generation 126: Best fitness = 193522
Individual positions: [96 30 40 ] [86 84 88 ] [77 77 27 ] [34 84 48 ] [77 88 17 ] [32 78 29 ] [62 85 73 ] [38 87 4 ] [54 30 52 ] [34 65 33 ] 
Individual lux values: 5.47929 4.94278 2.44179 3.8084 3.81176 0.311594 3.94879 6.12171 4.11115 0.256233 
Generation 127: Best fitness = 178194
Individual positions: [96 30 40 ] [20 91 32 ] [55 74 37 ] [89 54 25 ] [67 56 54 ] [92 48 15 ] [21 93 29 ] [64 86 18 ] [54 30 52 ] [34 65 33 ] 
Individual lux values: 2.45094 4.94278 2.44179 3.16538 0.396435 8.86807 7.01682 4.7087 1.73681 0.256233 
Generation 128: Best fitness = 178194
Individual positions: [96 30 40 ] [20 91 32 ] [55 74 37 ] [89 54 25 ] [67 56 54 ] [92 48 15 ] [21 93 29 ] [64 86 18 ] [54 30 52 ] [34 65 33 ] 
Individual lux values: 2.45094 4.94278 2.44179 3.16538 0.396435 8.86807 7.01682 4.7087 1.73681 0.256233 
Generation 129: Best fitness = 178194
Individual positions: [96 30 40 ] [20 91 32 ] [55 74 37 ] [89 54 25 ] [67 56 54 ] [92 48 15 ] [21 93 29 ] [64 86 18 ] [54 30 52 ] [34 65 33 ] 
Individual lux values: 2.45094 4.94278 2.44179 3.16538 0.396435 8.86807 7.01682 4.7087 1.73681 0.256233 
Generation 130: Best fitness = 178194
Individual positions: [96 30 40 ] [20 91 32 ] [55 74 37 ] [89 54 25 ] [67 56 54 ] [92 48 15 ] [21 93 29 ] [64 86 18 ] [54 30 52 ] [34 65 33 ] 
Individual lux values: 2.45094 4.94278 2.44179 3.16538 0.396435 8.86807 7.01682 4.7087 1.73681 0.256233 
Generation 131: Best fitness = 207794
Individual positions: [96 30 40 ] [19 78 37 ] [78 78 59 ] [52 91 79 ] [70 70 68 ] [81 73 11 ] [96 73 10 ] [42 20 11 ] [82 21 49 ] [34 65 33 ] 
Individual lux values: 7.88049 6.15528 0.68453 2.87729 6.8627 1.78777 1.30711 0.643025 4.11115 0.256233 
Generation 132: Best fitness = 212626
Individual positions: [96 30 40 ] [19 78 37 ] [75 70 18 ] [48 66 45 ] [71 49 66 ] [60 92 62 ] [93 3 26 ] [85 88 35 ] [54 30 52 ] [34 65 33 ] 
Individual lux values: 2.45094 5.03128 0.737632 9.23307 6.8627 1.78777 1.30711 0.643025 4.11115 0.256233 
Generation 133: Best fitness = 188416
Individual positions: [96 30 40 ] [66 70 21 ] [49 59 93 ] [48 57 57 ] [73 81 48 ] [71 36 33 ] [85 82 8 ] [85 88 35 ] [54 30 52 ] [34 65 33 ] 
Individual lux values: 2.45094 4.94278 2.44179 3.8084 3.13974 5.37156 1.30711 6.49007 4.11115 0.256233 
Generation 134: Best fitness = 176202
Individual positions: [96 30 40 ] [52 96 43 ] [74 79 85 ] [97 32 1 ] [77 37 28 ] [82 68 28 ] [47 81 1 ] [53 69 23 ] [54 30 52 ] [34 65 33 ] 
Individual lux values: 2.45094 4.94278 2.44179 3.8084 3.13974 5.37156 3.96527 4.11939 9.31364 0.256233 
Generation 135: Best fitness = 191255
Individual positions: [14 60 10 ] [81 88 93 ] [87 80 29 ] [92 39 31 ] [61 95 61 ] [95 42 67 ] [89 96 24 ] [85 88 35 ] [54 30 52 ] [34 65 33 ] 
Individual lux values: 2.45094 4.94278 2.98776 9.08994 6.8627 1.78777 1.30711 0.643025 4.11115 0.256233 
Generation 136: Best fitness = 182119
Individual positions: [96 30 40 ] [19 78 37 ] [70 80 19 ] [65 86 54 ] [70 64 2 ] [45 56 25 ] [8 89 26 ] [85 88 35 ] [54 30 52 ] [34 65 33 ] 
Individual lux values: 2.45094 9.42595 6.26576 7.5454 6.8627 1.78777 1.30711 0.643025 4.11115 0.256233 
Generation 137: Best fitness = 191255
Individual positions: [14 60 10 ] [81 88 93 ] [87 80 29 ] [92 39 31 ] [61 95 61 ] [95 42 67 ] [89 96 24 ] [85 88 35 ] [54 30 52 ] [34 65 33 ] 
Individual lux values: 2.45094 4.94278 2.98776 9.08994 6.8627 1.78777 1.30711 0.643025 4.11115 0.256233 
Generation 138: Best fitness = 191255
Individual positions: [14 60 10 ] [81 88 93 ] [87 80 29 ] [92 39 31 ] [61 95 61 ] [95 42 67 ] [89 96 24 ] [85 88 35 ] [54 30 52 ] [34 65 33 ] 
Individual lux values: 2.45094 4.94278 2.98776 9.08994 6.8627 1.78777 1.30711 0.643025 4.11115 0.256233 
Generation 139: Best fitness = 197576
Individual positions: [96 30 40 ] [37 53 16 ] [64 53 22 ] [50 65 50 ] [71 39 22 ] [71 36 33 ] [8 89 26 ] [85 88 35 ] [54 30 52 ] [34 65 33 ] 
Individual lux values: 2.45094 4.94278 2.31483 0.601215 5.23057 1.78777 2.89132 0.643025 4.11115 0.256233 
Generation 140: Best fitness = 184519
Individual positions: [96 30 40 ] [7 60 34 ] [73 74 5 ] [86 57 50 ] [47 75 39 ] [71 36 33 ] [93 93 60 ] [85 88 35 ] [54 30 52 ] [34 65 33 ] 
Individual lux values: 1.01138 4.94278 2.44179 5.07157 2.25623 0.14893 8.81008 8.77377 4.11115 0.256233 
Generation 141: Best fitness = 164993
Individual positions: [78 67 12 ] [97 49 5 ] [51 78 36 ] [89 58 9 ] [17 60 24 ] [97 40 30 ] [8 89 26 ] [85 88 35 ] [54 30 52 ] [34 65 33 ] 
Individual lux values: 2.45094 4.94278 2.44179 3.8084 1.11637 8.86532 8.08313 5.74847 4.11115 0.256233 
Generation 142: Best fitness = 186435
Individual positions: [96 30 40 ] [80 56 11 ] [73 41 23 ] [30 52 7 ] [95 63 32 ] [43 88 76 ] [21 79 5 ] [85 88 35 ] [54 30 52 ] [34 65 33 ] 
Individual lux values: 2.45094 4.94278 2.44179 3.8084 4.27381 0.644856 8.00256 0.643025 4.11115 0.256233 
Generation 143: Best fitness = 186435
Individual positions: [96 30 40 ] [80 56 11 ] [73 41 23 ] [30 52 7 ] [95 63 32 ] [43 88 76 ] [21 79 5 ] [85 88 35 ] [54 30 52 ] [34 65 33 ] 
Individual lux values: 2.45094 4.94278 2.44179 3.8084 4.27381 0.644856 8.00256 0.643025 4.11115 0.256233 
Generation 144: Best fitness = 202008
Individual positions: [83 69 29 ] [86 94 5 ] [90 55 30 ] [52 37 27 ] [80 22 20 ] [14 41 62 ] [8 89 26 ] [85 88 35 ] [54 30 52 ] [34 65 33 ] 
Individual lux values: 2.45094 4.94278 2.44179 3.8084 5.43565 7.75292 1.30711 0.643025 4.11115 0.256233 
Generation 145: Best fitness = 200637
Individual positions: [96 30 40 ] [7 60 34 ] [96 46 14 ] [93 48 34 ] [99 53 22 ] [71 36 33 ] [8 89 26 ] [85 88 35 ] [54 30 52 ] [34 65 33 ] 
Individual lux values: 2.84188 1.08463 0.94058 8.51466 6.686 7.53594 9.76806 0.643025 4.11115 0.256233 
Generation 146: Best fitness = 193784
Individual positions: [97 84 3 ] [39 96 43 ] [57 74 12 ] [48 57 57 ] [44 53 63 ] [71 36 33 ] [8 89 26 ] [85 88 35 ] [54 30 52 ] [34 65 33 ] 
Individual lux values: 2.45094 4.94278 2.44179 3.8084 6.8627 1.78777 1.30711 0.643025 8.55098 0.256233 
Generation 147: Best fitness = 193784
Individual positions: [97 84 3 ] [39 96 43 ] [57 74 12 ] [48 57 57 ] [44 53 63 ] [71 36 33 ] [8 89 26 ] [85 88 35 ] [54 30 52 ] [34 65 33 ] 
Individual lux values: 2.45094 4.94278 2.44179 3.8084 6.8627 1.78777 1.30711 0.643025 8.55098 0.256233 
Generation 148: Best fitness = 204550
Individual positions: [97 84 3 ] [39 96 43 ] [57 74 12 ] [48 57 57 ] [44 53 63 ] [71 36 33 ] [8 89 26 ] [37 84 23 ] [80 7 20 ] [34 65 33 ] 
Individual lux values: 2.45094 4.94278 2.44179 3.8084 6.8627 1.78777 1.30711 0.643025 6.95517 0.256233 
Generation 149: Best fitness = 174668
Individual positions: [35 82 26 ] [41 99 53 ] [55 53 5 ] [84 78 28 ] [53 96 30 ] [71 36 33 ] [8 89 26 ] [85 88 35 ] [54 30 52 ] [34 65 33 ] 
Individual lux values: 2.45094 3.90698 5.04715 3.8084 6.8627 1.78777 9.65758 5.37339 7.0983 0.256233 
Generation 150: Best fitness = 174668
Individual positions: [35 82 26 ] [41 99 53 ] [55 53 5 ] [84 78 28 ] [53 96 30 ] [71 36 33 ] [8 89 26 ] [85 88 35 ] [54 30 52 ] [34 65 33 ] 
Individual lux values: 2.45094 3.90698 5.04715 3.8084 6.8627 1.78777 9.65758 5.37339 7.0983 0.256233 
Generation 151: Best fitness = 174668
Individual positions: [35 82 26 ] [41 99 53 ] [55 53 5 ] [84 78 28 ] [53 96 30 ] [71 36 33 ] [8 89 26 ] [85 88 35 ] [54 30 52 ] [34 65 33 ] 
Individual lux values: 2.45094 3.90698 5.04715 3.8084 6.8627 1.78777 9.65758 5.37339 7.0983 0.256233 
Generation 152: Best fitness = 174668
Individual positions: [35 82 26 ] [41 99 53 ] [55 53 5 ] [84 78 28 ] [53 96 30 ] [71 36 33 ] [8 89 26 ] [85 88 35 ] [54 30 52 ] [34 65 33 ] 
Individual lux values: 2.45094 3.90698 5.04715 3.8084 6.8627 1.78777 9.65758 5.37339 7.0983 0.256233 
Generation 153: Best fitness = 174668
Individual positions: [35 82 26 ] [41 99 53 ] [55 53 5 ] [84 78 28 ] [53 96 30 ] [71 36 33 ] [8 89 26 ] [85 88 35 ] [54 30 52 ] [34 65 33 ] 
Individual lux values: 2.45094 3.90698 5.04715 3.8084 6.8627 1.78777 9.65758 5.37339 7.0983 0.256233 
Generation 154: Best fitness = 174668
Individual positions: [35 82 26 ] [41 99 53 ] [55 53 5 ] [84 78 28 ] [53 96 30 ] [71 36 33 ] [8 89 26 ] [85 88 35 ] [54 30 52 ] [34 65 33 ] 
Individual lux values: 2.45094 3.90698 5.04715 3.8084 6.8627 1.78777 9.65758 5.37339 7.0983 0.256233 
Generation 155: Best fitness = 166356
Individual positions: [95 63 14 ] [45 87 59 ] [83 53 24 ] [98 63 72 ] [44 53 63 ] [87 72 34 ] [63 67 43 ] [85 88 35 ] [54 30 52 ] [34 65 33 ] 
Individual lux values: 1.31291 9.54955 9.84954 3.8084 6.8627 6.07685 9.09391 5.37339 4.11115 0.256233 
Generation 156: Best fitness = 152489
Individual positions: [95 63 14 ] [44 91 27 ] [62 66 58 ] [25 74 0 ] [82 70 17 ] [35 72 42 ] [63 67 43 ] [85 88 35 ] [54 30 52 ] [34 65 33 ] 
Individual lux values: 2.45094 6.66311 9.84954 8.74203 3.97961 1.25523 8.22993 2.59468 3.55052 0.256233 
Generation 157: Best fitness = 165290
Individual positions: [95 63 14 ] [55 13 60 ] [83 53 24 ] [89 77 34 ] [70 63 60 ] [62 62 39 ] [63 67 43 ] [85 88 35 ] [54 30 52 ] [34 65 33 ] 
Individual lux values: 2.45094 6.66311 9.84954 5.83026 5.16434 6.07685 9.09391 5.37339 4.11115 0.256233 
Generation 158: Best fitness = 121909
Individual positions: [95 63 14 ] [88 52 35 ] [49 82 22 ] [64 85 30 ] [57 74 34 ] [51 66 4 ] [63 67 43 ] [85 88 35 ] [54 30 52 ] [34 65 33 ] 
Individual lux values: 2.45094 6.66311 1.59246 2.8605 7.86676 5.80157 9.1583 7.06534 5.50218 0.256233 
Generation 159: Best fitness = 172802
Individual positions: [95 63 14 ] [68 51 54 ] [58 56 29 ] [17 55 19 ] [85 83 39 ] [61 55 66 ] [93 61 53 ] [85 88 35 ] [54 30 52 ] [34 65 33 ] 
Individual lux values: 2.45094 9.76073 3.66558 7.00491 7.44499 2.89132 9.09391 5.37339 4.11115 0.256233 
Generation 160: Best fitness = 172802
Individual positions: [95 63 14 ] [68 51 54 ] [58 56 29 ] [17 55 19 ] [85 83 39 ] [61 55 66 ] [93 61 53 ] [85 88 35 ] [54 30 52 ] [34 65 33 ] 
Individual lux values: 2.45094 9.76073 3.66558 7.00491 7.44499 2.89132 9.09391 5.37339 4.11115 0.256233 
Generation 161: Best fitness = 169129
Individual positions: [95 63 14 ] [80 56 11 ] [14 95 53 ] [22 96 38 ] [55 30 22 ] [50 43 23 ] [63 67 43 ] [85 88 35 ] [96 72 57 ] [34 65 33 ] 
Individual lux values: 2.45094 6.66311 4.55916 2.8605 7.86676 6.07685 9.09391 5.37339 4.11115 0.256233 
Generation 162: Best fitness = 167439
Individual positions: [95 63 14 ] [65 90 5 ] [98 38 19 ] [50 59 19 ] [39 37 40 ] [86 89 90 ] [63 67 43 ] [85 88 35 ] [54 30 52 ] [34 65 33 ] 
Individual lux values: 2.45094 1.65288 3.48216 7.71569 4.91134 4.15265 9.09391 5.37339 4.11115 0.256233 
Generation 163: Best fitness = 167439
Individual positions: [95 63 14 ] [65 90 5 ] [98 38 19 ] [50 59 19 ] [39 37 40 ] [86 89 90 ] [63 67 43 ] [85 88 35 ] [54 30 52 ] [34 65 33 ] 
Individual lux values: 2.45094 1.65288 3.48216 7.71569 4.91134 4.15265 9.09391 5.37339 4.11115 0.256233 
Generation 164: Best fitness = 166941
Individual positions: [95 63 14 ] [68 51 54 ] [86 63 80 ] [45 67 29 ] [61 54 21 ] [99 38 27 ] [99 35 24 ] [85 88 35 ] [54 30 52 ] [34 65 33 ] 
Individual lux values: 2.45094 6.66311 6.27308 2.8605 7.86676 4.15265 9.09391 5.37339 4.11115 0.256233 
Generation 165: Best fitness = 167712
Individual positions: [95 63 14 ] [68 51 54 ] [42 76 60 ] [79 50 63 ] [97 70 6 ] [35 83 46 ] [63 67 43 ] [85 88 35 ] [54 30 52 ] [34 65 33 ] 
Individual lux values: 2.45094 6.66311 1.59246 2.8605 5.00961 3.6314 9.09391 5.37339 4.11115 0.256233 
Generation 166: Best fitness = 146773
Individual positions: [95 63 14 ] [68 51 54 ] [42 76 60 ] [82 70 29 ] [75 54 59 ] [91 80 18 ] [63 67 43 ] [85 88 35 ] [54 30 52 ] [34 65 33 ] 
Individual lux values: 2.45094 6.66311 1.59246 2.8605 7.86676 6.07685 9.09391 6.50929 5.77868 0.256233 
Generation 167: Best fitness = 146773
Individual positions: [95 63 14 ] [68 51 54 ] [42 76 60 ] [82 70 29 ] [75 54 59 ] [91 80 18 ] [63 67 43 ] [85 88 35 ] [54 30 52 ] [34 65 33 ] 
Individual lux values: 2.45094 6.66311 1.59246 2.8605 7.86676 6.07685 9.09391 6.50929 5.77868 0.256233 
Generation 168: Best fitness = 146773
Individual positions: [95 63 14 ] [68 51 54 ] [42 76 60 ] [82 70 29 ] [75 54 59 ] [91 80 18 ] [63 67 43 ] [85 88 35 ] [54 30 52 ] [34 65 33 ] 
Individual lux values: 2.45094 6.66311 1.59246 2.8605 7.86676 6.07685 9.09391 6.50929 5.77868 0.256233 
Generation 169: Best fitness = 146773
Individual positions: [95 63 14 ] [68 51 54 ] [42 76 60 ] [82 70 29 ] [75 54 59 ] [91 80 18 ] [63 67 43 ] [85 88 35 ] [54 30 52 ] [34 65 33 ] 
Individual lux values: 2.45094 6.66311 1.59246 2.8605 7.86676 6.07685 9.09391 6.50929 5.77868 0.256233 
Generation 170: Best fitness = 146773
Individual positions: [95 63 14 ] [68 51 54 ] [42 76 60 ] [82 70 29 ] [75 54 59 ] [91 80 18 ] [63 67 43 ] [85 88 35 ] [54 30 52 ] [34 65 33 ] 
Individual lux values: 2.45094 6.66311 1.59246 2.8605 7.86676 6.07685 9.09391 6.50929 5.77868 0.256233 
Generation 171: Best fitness = 146773
Individual positions: [95 63 14 ] [68 51 54 ] [42 76 60 ] [82 70 29 ] [75 54 59 ] [91 80 18 ] [63 67 43 ] [85 88 35 ] [54 30 52 ] [34 65 33 ] 
Individual lux values: 2.45094 6.66311 1.59246 2.8605 7.86676 6.07685 9.09391 6.50929 5.77868 0.256233 
Generation 172: Best fitness = 146773
Individual positions: [95 63 14 ] [68 51 54 ] [42 76 60 ] [82 70 29 ] [75 54 59 ] [91 80 18 ] [63 67 43 ] [85 88 35 ] [54 30 52 ] [34 65 33 ] 
Individual lux values: 2.45094 6.66311 1.59246 2.8605 7.86676 6.07685 9.09391 6.50929 5.77868 0.256233 
Generation 173: Best fitness = 156253
Individual positions: [95 63 14 ] [68 51 54 ] [86 63 80 ] [77 72 10 ] [79 94 62 ] [80 83 60 ] [63 67 43 ] [85 88 35 ] [54 30 52 ] [34 65 33 ] 
Individual lux values: 7.68273 4.86679 4.54176 2.8605 7.86676 6.07685 9.09391 5.37339 4.11115 0.256233 
Generation 174: Best fitness = 156253
Individual positions: [95 63 14 ] [68 51 54 ] [86 63 80 ] [77 72 10 ] [79 94 62 ] [80 83 60 ] [63 67 43 ] [85 88 35 ] [54 30 52 ] [34 65 33 ] 
Individual lux values: 7.68273 4.86679 4.54176 2.8605 7.86676 6.07685 9.09391 5.37339 4.11115 0.256233 
Generation 175: Best fitness = 125724
Individual positions: [95 63 14 ] [94 57 20 ] [58 63 22 ] [70 62 5 ] [94 82 76 ] [97 39 4 ] [66 87 36 ] [85 88 35 ] [54 30 52 ] [34 65 33 ] 
Individual lux values: 2.45094 6.66311 1.59246 9.18821 3.6845 7.3574 9.09391 5.37339 4.11115 0.256233 
Generation 176: Best fitness = 153676
Individual positions: [95 63 14 ] [94 57 20 ] [97 53 11 ] [98 81 63 ] [83 98 64 ] [73 61 92 ] [66 87 36 ] [85 88 35 ] [54 30 52 ] [34 65 33 ] 
Individual lux values: 2.45094 6.66311 1.59246 4.46333 0.464187 7.93725 3.52062 4.47798 4.11115 0.256233 
Generation 177: Best fitness = 144498
Individual positions: [95 63 14 ] [68 51 54 ] [96 63 20 ] [70 36 5 ] [79 94 62 ] [80 83 60 ] [63 67 43 ] [85 88 35 ] [54 30 52 ] [34 65 33 ] 
Individual lux values: 2.45094 6.31794 9.64049 8.59127 1.88055 8.829 0.809046 1.56255 4.11115 0.256233 
Generation 178: Best fitness = 144498
Individual positions: [95 63 14 ] [68 51 54 ] [96 63 20 ] [70 36 5 ] [79 94 62 ] [80 83 60 ] [63 67 43 ] [85 88 35 ] [54 30 52 ] [34 65 33 ] 
Individual lux values: 2.45094 6.31794 9.64049 8.59127 1.88055 8.829 0.809046 1.56255 4.11115 0.256233 
Generation 179: Best fitness = 136254
Individual positions: [95 63 14 ] [68 51 54 ] [36 45 44 ] [82 71 23 ] [84 67 14 ] [62 77 13 ] [63 67 43 ] [85 88 35 ] [54 30 52 ] [34 65 33 ] 
Individual lux values: 2.45094 6.66311 1.59246 5.86474 5.01083 6.07685 9.09391 2.40547 7.48192 0.256233 
Generation 180: Best fitness = 144498
Individual positions: [95 63 14 ] [68 51 54 ] [96 63 20 ] [70 36 5 ] [79 94 62 ] [80 83 60 ] [63 67 43 ] [85 88 35 ] [54 30 52 ] [34 65 33 ] 
Individual lux values: 2.45094 6.31794 9.64049 8.59127 1.88055 8.829 0.809046 1.56255 4.11115 0.256233 
Generation 181: Best fitness = 143052
Individual positions: [56 71 46 ] [71 71 5 ] [63 76 33 ] [60 63 14 ] [95 60 75 ] [49 81 29 ] [63 67 43 ] [85 88 35 ] [54 30 52 ] [34 65 33 ] 
Individual lux values: 8.54427 8.02301 1.59246 5.86474 7.86676 6.09638 9.09391 5.37339 4.11115 0.256233 
Generation 182: Best fitness = 129526
Individual positions: [95 63 14 ] [68 51 54 ] [89 68 43 ] [86 89 4 ] [67 77 46 ] [80 83 60 ] [63 67 43 ] [85 88 35 ] [54 30 52 ] [34 65 33 ] 
Individual lux values: 9.32279 7.17643 0.278329 0.0207526 1.53172 6.12751 5.927 7.85516 6.83615 0.256233 
Generation 183: Best fitness = 129526
Individual positions: [95 63 14 ] [68 51 54 ] [89 68 43 ] [86 89 4 ] [67 77 46 ] [80 83 60 ] [63 67 43 ] [85 88 35 ] [54 30 52 ] [34 65 33 ] 
Individual lux values: 9.32279 7.17643 0.278329 0.0207526 1.53172 6.12751 5.927 7.85516 6.83615 0.256233 
Generation 184: Best fitness = 129526
Individual positions: [95 63 14 ] [68 51 54 ] [89 68 43 ] [86 89 4 ] [67 77 46 ] [80 83 60 ] [63 67 43 ] [85 88 35 ] [54 30 52 ] [34 65 33 ] 
Individual lux values: 9.32279 7.17643 0.278329 0.0207526 1.53172 6.12751 5.927 7.85516 6.83615 0.256233 
Generation 185: Best fitness = 145653
Individual positions: [95 63 14 ] [70 65 11 ] [62 41 40 ] [84 41 27 ] [98 60 60 ] [80 83 60 ] [63 67 43 ] [85 88 35 ] [54 30 52 ] [34 65 33 ] 
Individual lux values: 2.45094 1.75176 1.59246 1.65929 8.02087 0.185247 9.09391 5.37339 7.48192 0.256233 
Generation 186: Best fitness = 145653
Individual positions: [95 63 14 ] [70 65 11 ] [62 41 40 ] [84 41 27 ] [98 60 60 ] [80 83 60 ] [63 67 43 ] [85 88 35 ] [54 30 52 ] [34 65 33 ] 
Individual lux values: 2.45094 1.75176 1.59246 1.65929 8.02087 0.185247 9.09391 5.37339 7.48192 0.256233 
Generation 187: Best fitness = 133594
Individual positions: [95 63 14 ] [68 51 54 ] [51 60 0 ] [54 98 9 ] [34 81 31 ] [78 78 15 ] [63 67 43 ] [85 88 35 ] [54 30 52 ] [34 65 33 ] 
Individual lux values: 2.45094 1.75176 1.59246 1.65929 5.01083 6.44093 6.33656 9.56359 7.48192 0.256233 
Generation 188: Best fitness = 133594
Individual positions: [95 63 14 ] [68 51 54 ] [51 60 0 ] [54 98 9 ] [34 81 31 ] [78 78 15 ] [63 67 43 ] [85 88 35 ] [54 30 52 ] [34 65 33 ] 
Individual lux values: 2.45094 1.75176 1.59246 1.65929 5.01083 6.44093 6.33656 9.56359 7.48192 0.256233 
Generation 189: Best fitness = 133594
Individual positions: [95 63 14 ] [68 51 54 ] [51 60 0 ] [54 98 9 ] [34 81 31 ] [78 78 15 ] [63 67 43 ] [85 88 35 ] [54 30 52 ] [34 65 33 ] 
Individual lux values: 2.45094 1.75176 1.59246 1.65929 5.01083 6.44093 6.33656 9.56359 7.48192 0.256233 
Generation 190: Best fitness = 133594
Individual positions: [95 63 14 ] [68 51 54 ] [51 60 0 ] [54 98 9 ] [34 81 31 ] [78 78 15 ] [63 67 43 ] [85 88 35 ] [54 30 52 ] [34 65 33 ] 
Individual lux values: 2.45094 1.75176 1.59246 1.65929 5.01083 6.44093 6.33656 9.56359 7.48192 0.256233 
Generation 191: Best fitness = 151495
Individual positions: [95 63 14 ] [68 51 54 ] [74 92 38 ] [60 93 4 ] [54 75 5 ] [72 32 34 ] [42 30 18 ] [97 94 54 ] [98 13 21 ] [34 65 33 ] 
Individual lux values: 8.93948 2.24128 3.72051 2.64229 8.25373 1.92145 1.5186 9.60997 7.48192 0.256233 
Generation 192: Best fitness = 161545
Individual positions: [95 63 14 ] [68 51 54 ] [47 69 67 ] [75 86 37 ] [98 60 60 ] [80 83 60 ] [63 67 43 ] [85 88 35 ] [54 30 52 ] [34 65 33 ] 
Individual lux values: 2.45094 1.75176 1.59246 1.65929 5.01083 9.71587 4.70534 7.22983 3.55998 0.256233 
Generation 193: Best fitness = 161545
Individual positions: [95 63 14 ] [68 51 54 ] [47 69 67 ] [75 86 37 ] [98 60 60 ] [80 83 60 ] [63 67 43 ] [85 88 35 ] [54 30 52 ] [34 65 33 ] 
Individual lux values: 2.45094 1.75176 1.59246 1.65929 5.01083 9.71587 4.70534 7.22983 3.55998 0.256233 
Generation 194: Best fitness = 173360
Individual positions: [95 63 14 ] [68 51 54 ] [47 69 67 ] [93 98 14 ] [43 77 25 ] [80 83 60 ] [63 67 43 ] [88 17 27 ] [54 30 52 ] [34 65 33 ] 
Individual lux values: 2.45094 1.75176 3.60424 6.02527 2.00903 9.91882 7.39097 5.37339 7.48192 0.256233 
Generation 195: Best fitness = 173360
Individual positions: [95 63 14 ] [68 51 54 ] [47 69 67 ] [93 98 14 ] [43 77 25 ] [80 83 60 ] [63 67 43 ] [88 17 27 ] [54 30 52 ] [34 65 33 ] 
Individual lux values: 2.45094 1.75176 3.60424 6.02527 2.00903 9.91882 7.39097 5.37339 7.48192 0.256233 
Generation 196: Best fitness = 173360
Individual positions: [95 63 14 ] [68 51 54 ] [47 69 67 ] [93 98 14 ] [43 77 25 ] [80 83 60 ] [63 67 43 ] [88 17 27 ] [54 30 52 ] [34 65 33 ] 
Individual lux values: 2.45094 1.75176 3.60424 6.02527 2.00903 9.91882 7.39097 5.37339 7.48192 0.256233 
Generation 197: Best fitness = 164365
Individual positions: [95 63 14 ] [49 76 22 ] [38 64 33 ] [88 82 47 ] [98 60 60 ] [80 83 60 ] [92 57 38 ] [88 17 27 ] [54 30 52 ] [34 65 33 ] 
Individual lux values: 2.45094 1.75176 8.446 1.65929 0.990631 1.79785 6.38264 7.76391 7.48192 0.256233 
Generation 198: Best fitness = 167584
Individual positions: [95 63 14 ] [49 76 22 ] [51 53 4 ] [58 85 51 ] [98 60 60 ] [80 83 60 ] [63 67 43 ] [88 17 27 ] [54 30 52 ] [34 65 33 ] 
Individual lux values: 2.45094 1.75176 8.446 1.65929 2.16468 2.83639 4.95407 3.38572 7.18955 0.256233 
Generation 199: Best fitness = 151120
Individual positions: [95 63 14 ] [49 76 22 ] [30 86 51 ] [87 93 17 ] [75 98 15 ] [80 83 60 ] [63 67 43 ] [88 17 27 ] [54 30 52 ] [34 65 33 ] 
Individual lux values: 2.45094 1.75176 8.446 1.65929 0.990631 3.7669 1.37822 5.37339 7.48192 0.256233 
Generation 200: Best fitness = 166138
Individual positions: [95 63 14 ] [49 76 22 ] [30 86 51 ] [52 85 6 ] [62 51 0 ] [80 83 60 ] [63 67 43 ] [88 17 27 ] [54 30 52 ] [34 65 33 ] 
Individual lux values: 2.45094 8.12983 8.85067 1.65929 0.990631 3.96161 4.72365 5.37339 7.48192 0.256233 
Generation 201: Best fitness = 166138
Individual positions: [95 63 14 ] [49 76 22 ] [30 86 51 ] [52 85 6 ] [62 51 0 ] [80 83 60 ] [63 67 43 ] [88 17 27 ] [54 30 52 ] [34 65 33 ] 
Individual lux values: 2.45094 8.12983 8.85067 1.65929 0.990631 3.96161 4.72365 5.37339 7.48192 0.256233 
Generation 202: Best fitness = 166138
Individual positions: [95 63 14 ] [49 76 22 ] [30 86 51 ] [52 85 6 ] [62 51 0 ] [80 83 60 ] [63 67 43 ] [88 17 27 ] [54 30 52 ] [34 65 33 ] 
Individual lux values: 2.45094 8.12983 8.85067 1.65929 0.990631 3.96161 4.72365 5.37339 7.48192 0.256233 
Generation 203: Best fitness = 175360
Individual positions: [95 63 14 ] [49 76 22 ] [30 86 51 ] [89 46 41 ] [98 60 60 ] [91 25 24 ] [77 98 6 ] [88 17 27 ] [54 30 52 ] [34 65 33 ] 
Individual lux values: 2.45094 1.75176 8.446 1.65929 0.990631 3.96161 4.72365 5.37339 7.48192 0.256233 
Generation 204: Best fitness = 158922
Individual positions: [95 63 14 ] [98 95 21 ] [54 89 18 ] [53 71 44 ] [98 60 60 ] [91 25 24 ] [63 67 43 ] [88 17 27 ] [54 30 52 ] [34 65 33 ] 
Individual lux values: 2.45094 1.75176 0.296335 6.40431 1.87506 3.96161 4.72365 5.37339 7.48192 0.256233 
Generation 205: Best fitness = 153571
Individual positions: [91 48 23 ] [69 47 36 ] [50 72 19 ] [61 90 93 ] [96 54 20 ] [38 74 22 ] [73 90 16 ] [95 73 5 ] [54 30 52 ] [34 65 33 ] 
Individual lux values: 2.45094 2.80587 9.55626 6.83889 2.67861 6.23066 4.72365 5.37339 7.48192 0.256233 
Generation 206: Best fitness = 151367
Individual positions: [95 63 14 ] [49 76 22 ] [95 55 9 ] [71 80 35 ] [98 60 60 ] [80 83 60 ] [63 67 43 ] [88 17 27 ] [54 30 52 ] [34 65 33 ] 
Individual lux values: 2.45094 1.75176 7.62627 3.48521 6.03778 8.65139 3.01889 9.22544 7.48192 0.256233 
Generation 207: Best fitness = 162407
Individual positions: [95 63 14 ] [49 76 22 ] [94 36 31 ] [55 91 19 ] [98 60 60 ] [80 83 60 ] [63 67 43 ] [88 17 27 ] [54 30 52 ] [34 65 33 ] 
Individual lux values: 2.45094 1.75176 8.446 1.65929 0.990631 4.94308 4.72365 5.37339 7.48192 0.256233 
Generation 208: Best fitness = 157187
Individual positions: [95 63 14 ] [78 66 45 ] [22 52 18 ] [93 74 3 ] [78 86 36 ] [80 83 60 ] [63 67 43 ] [88 17 27 ] [54 30 52 ] [34 65 33 ] 
Individual lux values: 2.45094 8.4518 5.0676 6.17512 2.40333 2.81564 4.72365 5.37339 7.48192 0.256233 
Generation 209: Best fitness = 144114
Individual positions: [95 63 14 ] [74 63 16 ] [87 85 24 ] [52 46 53 ] [50 95 21 ] [95 62 24 ] [63 67 43 ] [88 17 27 ] [54 30 52 ] [34 65 33 ] 
Individual lux values: 2.45094 1.75176 8.446 1.65929 0.990631 3.96161 1.58452 5.37339 7.48192 0.256233 
Generation 210: Best fitness = 144114
Individual positions: [95 63 14 ] [74 63 16 ] [87 85 24 ] [52 46 53 ] [50 95 21 ] [95 62 24 ] [63 67 43 ] [88 17 27 ] [54 30 52 ] [34 65 33 ] 
Individual lux values: 2.45094 1.75176 8.446 1.65929 0.990631 3.96161 1.58452 5.37339 7.48192 0.256233 
Generation 211: Best fitness = 157187
Individual positions: [95 63 14 ] [78 66 45 ] [22 52 18 ] [93 74 3 ] [78 86 36 ] [80 83 60 ] [63 67 43 ] [88 17 27 ] [54 30 52 ] [34 65 33 ] 
Individual lux values: 2.45094 8.4518 5.0676 6.17512 2.40333 2.81564 4.72365 5.37339 7.48192 0.256233 
Generation 212: Best fitness = 158404
Individual positions: [95 63 14 ] [49 76 22 ] [77 84 35 ] [80 60 5 ] [89 98 82 ] [80 83 60 ] [63 67 43 ] [88 17 27 ] [54 30 52 ] [34 65 33 ] 
Individual lux values: 6.63198 3.47118 3.65612 7.31529 9.72625 9.2407 4.72732 8.35902 5.64013 0.256233 
Generation 213: Best fitness = 158404
Individual positions: [95 63 14 ] [49 76 22 ] [77 84 35 ] [80 60 5 ] [89 98 82 ] [80 83 60 ] [63 67 43 ] [88 17 27 ] [54 30 52 ] [34 65 33 ] 
Individual lux values: 6.63198 3.47118 3.65612 7.31529 9.72625 9.2407 4.72732 8.35902 5.64013 0.256233 
Generation 214: Best fitness = 171072
Individual positions: [95 63 14 ] [49 76 22 ] [30 86 51 ] [44 94 49 ] [90 44 4 ] [40 88 18 ] [41 79 72 ] [34 75 58 ] [79 91 40 ] [34 65 33 ] 
Individual lux values: 2.45094 5.27024 2.84646 4.91653 4.59822 3.96161 4.72365 5.37339 6.60298 0.256233 
Generation 215: Best fitness = 171072
Individual positions: [95 63 14 ] [49 76 22 ] [30 86 51 ] [44 94 49 ] [90 44 4 ] [40 88 18 ] [41 79 72 ] [34 75 58 ] [79 91 40 ] [34 65 33 ] 
Individual lux values: 2.45094 5.27024 2.84646 4.91653 4.59822 3.96161 4.72365 5.37339 6.60298 0.256233 
Generation 216: Best fitness = 171072
Individual positions: [95 63 14 ] [49 76 22 ] [30 86 51 ] [44 94 49 ] [90 44 4 ] [40 88 18 ] [41 79 72 ] [34 75 58 ] [79 91 40 ] [34 65 33 ] 
Individual lux values: 2.45094 5.27024 2.84646 4.91653 4.59822 3.96161 4.72365 5.37339 6.60298 0.256233 
Generation 217: Best fitness = 171072
Individual positions: [95 63 14 ] [49 76 22 ] [30 86 51 ] [44 94 49 ] [90 44 4 ] [40 88 18 ] [41 79 72 ] [34 75 58 ] [79 91 40 ] [34 65 33 ] 
Individual lux values: 2.45094 5.27024 2.84646 4.91653 4.59822 3.96161 4.72365 5.37339 6.60298 0.256233 
Generation 218: Best fitness = 176890
Individual positions: [44 92 23 ] [95 73 50 ] [67 84 32 ] [30 54 55 ] [88 51 20 ] [73 87 14 ] [95 90 78 ] [88 17 27 ] [54 30 52 ] [34 65 33 ] 
Individual lux values: 2.45094 9.71252 4.09589 1.2302 4.10474 3.96161 4.72365 5.37339 6.60298 0.256233 
Generation 219: Best fitness = 176890
Individual positions: [44 92 23 ] [95 73 50 ] [67 84 32 ] [30 54 55 ] [88 51 20 ] [73 87 14 ] [95 90 78 ] [88 17 27 ] [54 30 52 ] [34 65 33 ] 
Individual lux values: 2.45094 9.71252 4.09589 1.2302 4.10474 3.96161 4.72365 5.37339 6.60298 0.256233 
Generation 220: Best fitness = 176890
Individual positions: [44 92 23 ] [95 73 50 ] [67 84 32 ] [30 54 55 ] [88 51 20 ] [73 87 14 ] [95 90 78 ] [88 17 27 ] [54 30 52 ] [34 65 33 ] 
Individual lux values: 2.45094 9.71252 4.09589 1.2302 4.10474 3.96161 4.72365 5.37339 6.60298 0.256233 
Generation 221: Best fitness = 116718
Individual positions: [95 63 14 ] [98 39 12 ] [88 75 28 ] [92 88 6 ] [95 69 50 ] [68 71 19 ] [82 85 11 ] [88 17 27 ] [54 30 52 ] [34 65 33 ] 
Individual lux values: 4.11359 4.96536 2.63283 1.65929 5.83117 3.96161 4.72365 5.37339 6.60298 0.256233 
Generation 222: Best fitness = 116718
Individual positions: [95 63 14 ] [98 39 12 ] [88 75 28 ] [92 88 6 ] [95 69 50 ] [68 71 19 ] [82 85 11 ] [88 17 27 ] [54 30 52 ] [34 65 33 ] 
Individual lux values: 4.11359 4.96536 2.63283 1.65929 5.83117 3.96161 4.72365 5.37339 6.60298 0.256233 
Generation 223: Best fitness = 163616
Individual positions: [95 63 14 ] [49 76 22 ] [95 8 35 ] [56 42 8 ] [80 78 13 ] [59 87 3 ] [63 67 43 ] [88 17 27 ] [54 30 52 ] [34 65 33 ] 
Individual lux values: 2.58675 0.16419 2.71767 9.25474 5.83117 3.96161 4.72365 5.37339 6.60298 0.256233 
Generation 224: Best fitness = 165052
Individual positions: [95 63 14 ] [49 76 22 ] [30 86 51 ] [94 87 3 ] [3 91 3 ] [77 61 47 ] [73 83 8 ] [66 43 45 ] [54 30 52 ] [34 65 33 ] 
Individual lux values: 2.45094 1.75176 2.63283 3.43425 5.83117 3.96161 4.72365 5.37339 6.60298 0.256233 
Generation 225: Best fitness = 163732
Individual positions: [95 63 14 ] [49 76 22 ] [30 86 51 ] [68 52 8 ] [88 45 14 ] [47 86 29 ] [63 67 43 ] [88 17 27 ] [54 30 52 ] [34 65 33 ] 
Individual lux values: 2.45094 1.75176 5.68773 4.16791 5.83117 0.912198 4.72365 5.37339 6.60298 0.256233 
Generation 226: Best fitness = 163732
Individual positions: [95 63 14 ] [49 76 22 ] [30 86 51 ] [68 52 8 ] [88 45 14 ] [47 86 29 ] [63 67 43 ] [88 17 27 ] [54 30 52 ] [34 65 33 ] 
Individual lux values: 2.45094 1.75176 5.68773 4.16791 5.83117 0.912198 4.72365 5.37339 6.60298 0.256233 
Generation 227: Best fitness = 160848
Individual positions: [95 63 14 ] [49 76 22 ] [71 59 31 ] [69 58 46 ] [72 98 35 ] [47 84 77 ] [64 18 30 ] [81 83 5 ] [54 30 52 ] [34 65 33 ] 
Individual lux values: 2.45094 3.0311 1.55675 2.61299 0.613727 4.89364 4.72365 5.37339 6.60298 0.256233 
Generation 228: Best fitness = 160848
Individual positions: [95 63 14 ] [49 76 22 ] [71 59 31 ] [69 58 46 ] [72 98 35 ] [47 84 77 ] [64 18 30 ] [81 83 5 ] [54 30 52 ] [34 65 33 ] 
Individual lux values: 2.45094 3.0311 1.55675 2.61299 0.613727 4.89364 4.72365 5.37339 6.60298 0.256233 
Generation 229: Best fitness = 180218
Individual positions: [86 92 2 ] [77 30 8 ] [91 50 23 ] [67 61 14 ] [53 85 70 ] [31 68 52 ] [63 67 43 ] [88 17 27 ] [54 30 52 ] [34 65 33 ] 
Individual lux values: 2.45094 1.75176 2.63283 1.65929 0.159001 4.5027 4.72365 5.37339 6.60298 0.256233 
Generation 230: Best fitness = 180218
Individual positions: [86 92 2 ] [77 30 8 ] [91 50 23 ] [67 61 14 ] [53 85 70 ] [31 68 52 ] [63 67 43 ] [88 17 27 ] [54 30 52 ] [34 65 33 ] 
Individual lux values: 2.45094 1.75176 2.63283 1.65929 0.159001 4.5027 4.72365 5.37339 6.60298 0.256233 
Generation 231: Best fitness = 180218
Individual positions: [86 92 2 ] [77 30 8 ] [91 50 23 ] [67 61 14 ] [53 85 70 ] [31 68 52 ] [63 67 43 ] [88 17 27 ] [54 30 52 ] [34 65 33 ] 
Individual lux values: 2.45094 1.75176 2.63283 1.65929 0.159001 4.5027 4.72365 5.37339 6.60298 0.256233 
Generation 232: Best fitness = 177585
Individual positions: [95 63 14 ] [49 76 22 ] [30 86 51 ] [92 75 5 ] [68 94 90 ] [72 80 40 ] [63 67 43 ] [88 17 27 ] [54 30 52 ] [34 65 33 ] 
Individual lux values: 2.45094 1.75176 2.45369 8.85159 8.04468 0.360118 3.56822 8.96268 6.60298 0.256233 
Generation 233: Best fitness = 164424
Individual positions: [95 63 14 ] [49 76 22 ] [96 83 37 ] [76 83 54 ] [37 69 56 ] [32 22 15 ] [63 67 43 ] [84 88 50 ] [43 76 60 ] [34 65 33 ] 
Individual lux values: 2.45094 1.57903 1.60649 0.0881985 1.19144 6.51326 4.82528 4.09619 3.74981 0.256233 
Generation 234: Best fitness = 159974
Individual positions: [95 63 14 ] [49 76 22 ] [31 18 10 ] [59 22 13 ] [83 56 2 ] [72 60 0 ] [63 67 43 ] [84 88 50 ] [43 76 60 ] [34 65 33 ] 
Individual lux values: 3.98541 7.31376 6.97989 0.0985748 6.18305 1.23142 4.82528 4.09619 6.60298 0.256233 
Generation 235: Best fitness = 153006
Individual positions: [95 63 14 ] [49 76 22 ] [53 15 22 ] [53 62 22 ] [54 44 0 ] [53 82 28 ] [63 67 43 ] [84 88 50 ] [43 76 60 ] [34 65 33 ] 
Individual lux values: 2.45094 2.19733 3.97168 5.68621 1.77801 3.96161 4.82528 4.09619 6.60298 0.256233 
Generation 236: Best fitness = 164424
Individual positions: [95 63 14 ] [49 76 22 ] [96 83 37 ] [76 83 54 ] [37 69 56 ] [32 22 15 ] [63 67 43 ] [84 88 50 ] [43 76 60 ] [34 65 33 ] 
Individual lux values: 2.45094 1.57903 1.60649 0.0881985 1.19144 6.51326 4.82528 4.09619 3.74981 0.256233 
Generation 237: Best fitness = 155859
Individual positions: [95 63 14 ] [49 76 22 ] [31 18 10 ] [70 97 87 ] [37 74 12 ] [83 78 28 ] [49 84 19 ] [43 75 41 ] [97 99 26 ] [34 65 33 ] 
Individual lux values: 2.45094 2.19733 7.44163 6.32588 8.3813 3.96161 4.72365 5.37339 6.60298 0.256233 
Generation 238: Best fitness = 155859
Individual positions: [95 63 14 ] [49 76 22 ] [31 18 10 ] [70 97 87 ] [37 74 12 ] [83 78 28 ] [49 84 19 ] [43 75 41 ] [97 99 26 ] [34 65 33 ] 
Individual lux values: 2.45094 2.19733 7.44163 6.32588 8.3813 3.96161 4.72365 5.37339 6.60298 0.256233 
Generation 239: Best fitness = 155859
Individual positions: [95 63 14 ] [49 76 22 ] [31 18 10 ] [70 97 87 ] [37 74 12 ] [83 78 28 ] [49 84 19 ] [43 75 41 ] [97 99 26 ] [34 65 33 ] 
Individual lux values: 2.45094 2.19733 7.44163 6.32588 8.3813 3.96161 4.72365 5.37339 6.60298 0.256233 
Generation 240: Best fitness = 155859
Individual positions: [95 63 14 ] [49 76 22 ] [31 18 10 ] [70 97 87 ] [37 74 12 ] [83 78 28 ] [49 84 19 ] [43 75 41 ] [97 99 26 ] [34 65 33 ] 
Individual lux values: 2.45094 2.19733 7.44163 6.32588 8.3813 3.96161 4.72365 5.37339 6.60298 0.256233 
Generation 241: Best fitness = 155714
Individual positions: [95 63 14 ] [80 97 46 ] [71 94 28 ] [86 79 7 ] [10 73 20 ] [32 22 15 ] [63 67 43 ] [84 88 50 ] [43 76 60 ] [34 65 33 ] 
Individual lux values: 5.68957 7.0864 0.397961 3.49834 4.44197 7.82525 3.18735 3.09915 6.60298 0.256233 
Generation 242: Best fitness = 155714
Individual positions: [95 63 14 ] [80 97 46 ] [71 94 28 ] [86 79 7 ] [10 73 20 ] [32 22 15 ] [63 67 43 ] [84 88 50 ] [43 76 60 ] [34 65 33 ] 
Individual lux values: 5.68957 7.0864 0.397961 3.49834 4.44197 7.82525 3.18735 3.09915 6.60298 0.256233 
Generation 243: Best fitness = 155714
Individual positions: [95 63 14 ] [80 97 46 ] [71 94 28 ] [86 79 7 ] [10 73 20 ] [32 22 15 ] [63 67 43 ] [84 88 50 ] [43 76 60 ] [34 65 33 ] 
Individual lux values: 5.68957 7.0864 0.397961 3.49834 4.44197 7.82525 3.18735 3.09915 6.60298 0.256233 
Generation 244: Best fitness = 155714
Individual positions: [95 63 14 ] [80 97 46 ] [71 94 28 ] [86 79 7 ] [10 73 20 ] [32 22 15 ] [63 67 43 ] [84 88 50 ] [43 76 60 ] [34 65 33 ] 
Individual lux values: 5.68957 7.0864 0.397961 3.49834 4.44197 7.82525 3.18735 3.09915 6.60298 0.256233 
Generation 245: Best fitness = 167747
Individual positions: [95 63 14 ] [40 91 29 ] [82 65 9 ] [84 46 23 ] [37 69 56 ] [93 8 51 ] [63 67 43 ] [84 88 50 ] [43 76 60 ] [34 65 33 ] 
Individual lux values: 6.87033 6.54805 4.54756 4.77859 0.412915 2.47169 0.576189 4.92019 6.60298 0.256233 
Generation 246: Best fitness = 156466
Individual positions: [95 63 14 ] [79 66 10 ] [53 70 13 ] [57 87 26 ] [37 69 56 ] [32 22 15 ] [63 67 43 ] [84 88 50 ] [43 76 60 ] [34 65 33 ] 
Individual lux values: 5.68957 2.19733 7.44163 6.94693 7.79412 2.77566 8.6169 5.37339 6.60298 0.256233 
Generation 247: Best fitness = 171127
Individual positions: [95 63 14 ] [21 36 5 ] [69 65 68 ] [90 69 19 ] [74 46 26 ] [41 50 43 ] [63 67 43 ] [84 88 50 ] [43 76 60 ] [34 65 33 ] 
Individual lux values: 5.68957 2.19733 7.44163 0.505081 4.12152 8.15729 4.72365 5.37339 6.60298 0.256233 
Generation 248: Best fitness = 183925
Individual positions: [95 63 14 ] [89 63 15 ] [67 21 61 ] [61 75 5 ] [37 69 56 ] [32 22 15 ] [63 67 43 ] [84 88 50 ] [43 76 60 ] [34 65 33 ] 
Individual lux values: 5.68957 2.19733 5.40239 5.49394 7.79412 8.15729 4.72365 5.37339 6.60298 0.256233 
Generation 249: Best fitness = 128229
Individual positions: [95 63 14 ] [98 97 45 ] [36 74 20 ] [79 41 0 ] [54 59 12 ] [91 62 13 ] [66 48 45 ] [84 88 50 ] [43 76 60 ] [34 65 33 ] 
Individual lux values: 2.34993 7.20054 7.44163 6.94693 1.19144 6.92312 6.98294 5.37339 6.60298 0.256233 
Generation 250: Best fitness = 183925
Individual positions: [95 63 14 ] [89 63 15 ] [67 21 61 ] [61 75 5 ] [37 69 56 ] [32 22 15 ] [63 67 43 ] [84 88 50 ] [43 76 60 ] [34 65 33 ] 
Individual lux values: 5.68957 2.19733 5.40239 5.49394 7.79412 8.15729 4.72365 5.37339 6.60298 0.256233 
Generation 251: Best fitness = 198883
Individual positions: [95 63 14 ] [75 3 84 ] [67 21 61 ] [61 75 5 ] [68 92 5 ] [57 39 2 ] [63 67 43 ] [84 88 50 ] [43 76 60 ] [34 65 33 ] 
Individual lux values: 8.01752 2.07221 0.0637837 5.00961 0.241707 8.84396 1.61962 8.10877 7.50664 0.256233 
Generation 252: Best fitness = 178012
Individual positions: [95 63 14 ] [61 33 9 ] [58 74 18 ] [69 71 5 ] [17 76 58 ] [32 22 15 ] [63 67 43 ] [84 88 50 ] [43 76 60 ] [34 65 33 ] 
Individual lux values: 2.34993 7.20054 7.44163 6.94693 1.19144 8.15729 2.13935 0.812098 1.80883 0.256233 
Generation 253: Best fitness = 197474
Individual positions: [95 63 14 ] [93 9 21 ] [94 25 1 ] [69 29 55 ] [28 85 39 ] [99 21 3 ] [63 67 43 ] [84 88 50 ] [43 76 60 ] [34 65 33 ] 
Individual lux values: 2.34993 7.20054 9.92126 6.81204 9.02646 8.15729 4.72365 5.37339 6.60298 0.256233 
Generation 254: Best fitness = 183336
Individual positions: [95 63 14 ] [76 73 5 ] [84 32 43 ] [62 67 71 ] [23 55 17 ] [51 57 40 ] [52 94 95 ] [82 98 39 ] [90 83 58 ] [34 65 33 ] 
Individual lux values: 2.34993 7.20054 3.30119 8.59188 3.70037 7.97021 4.38276 5.37339 6.60298 0.256233 
Generation 255: Best fitness = 187927
Individual positions: [95 63 14 ] [58 38 8 ] [36 88 23 ] [96 44 29 ] [46 55 80 ] [95 85 44 ] [92 29 35 ] [86 8 43 ] [90 83 58 ] [34 65 33 ] 
Individual lux values: 2.34993 3.01157 8.75912 1.51769 6.5334 6.72445 4.38276 5.37339 6.60298 0.256233 
Generation 256: Best fitness = 185091
Individual positions: [94 75 40 ] [85 78 14 ] [15 58 18 ] [46 64 75 ] [86 66 17 ] [42 16 43 ] [95 66 42 ] [73 57 64 ] [90 83 58 ] [34 65 33 ] 
Individual lux values: 2.34993 6.60512 4.73861 2.11402 7.70013 8.15729 4.38276 5.37339 6.60298 0.256233 
Generation 257: Best fitness = 199233
Individual positions: [62 83 15 ] [57 90 32 ] [82 60 23 ] [64 45 64 ] [31 73 38 ] [55 57 81 ] [92 29 35 ] [86 8 43 ] [90 83 58 ] [34 65 33 ] 
Individual lux values: 2.34993 7.20054 0.607318 2.37342 9.74517 4.81033 7.50481 2.4662 3.30454 0.256233 
Generation 258: Best fitness = 167699
Individual positions: [95 63 14 ] [65 96 16 ] [46 66 4 ] [64 93 15 ] [58 62 35 ] [51 71 35 ] [39 71 3 ] [7 93 96 ] [90 83 58 ] [34 65 33 ] 
Individual lux values: 2.34993 7.20054 3.30119 8.59188 1.19144 8.15729 7.59941 0.160222 6.60298 0.256233 
Generation 259: Best fitness = 195787
Individual positions: [95 63 14 ] [87 58 5 ] [32 2 12 ] [69 71 5 ] [57 96 7 ] [14 47 59 ] [92 29 35 ] [38 43 14 ] [90 83 58 ] [34 65 33 ] 
Individual lux values: 2.34993 7.20054 3.30119 9.11069 1.19144 6.56087 4.38276 5.37339 6.60298 0.256233 
Generation 260: Best fitness = 145524
Individual positions: [95 63 14 ] [87 58 5 ] [92 99 5 ] [69 71 5 ] [57 96 7 ] [14 47 59 ] [92 29 35 ] [38 43 14 ] [90 83 58 ] [34 65 33 ] 
Individual lux values: 2.34993 7.20054 5.16831 4.57564 3.57799 6.56087 4.38276 5.37339 6.60298 0.256233 
Generation 261: Best fitness = 152617
Individual positions: [95 63 14 ] [87 58 5 ] [32 2 12 ] [69 71 5 ] [90 22 33 ] [78 55 9 ] [88 79 13 ] [38 43 14 ] [90 83 58 ] [34 65 33 ] 
Individual lux values: 2.34993 7.20054 3.30119 7.98303 5.93768 7.83715 4.38276 5.37339 6.60298 0.256233 
Generation 262: Best fitness = 152617
Individual positions: [95 63 14 ] [87 58 5 ] [32 2 12 ] [69 71 5 ] [90 22 33 ] [78 55 9 ] [88 79 13 ] [38 43 14 ] [90 83 58 ] [34 65 33 ] 
Individual lux values: 2.34993 7.20054 3.30119 7.98303 5.93768 7.83715 4.38276 5.37339 6.60298 0.256233 
Generation 263: Best fitness = 174241
Individual positions: [95 63 14 ] [87 58 5 ] [66 1 23 ] [17 83 14 ] [76 59 47 ] [74 51 12 ] [92 29 35 ] [38 43 14 ] [90 83 58 ] [34 65 33 ] 
Individual lux values: 2.34993 0.672933 3.30119 9.11069 1.19144 6.56087 4.38276 5.37339 6.60298 0.256233 
Generation 264: Best fitness = 180730
Individual positions: [95 63 14 ] [87 58 5 ] [60 32 33 ] [52 80 50 ] [57 96 7 ] [14 47 59 ] [92 29 35 ] [38 43 14 ] [90 83 58 ] [34 65 33 ] 
Individual lux values: 2.34993 7.20054 3.30119 9.11069 1.19144 6.56087 4.38276 8.54701 6.60298 0.256233 
Generation 265: Best fitness = 180730
Individual positions: [95 63 14 ] [87 58 5 ] [60 32 33 ] [52 80 50 ] [57 96 7 ] [14 47 59 ] [92 29 35 ] [38 43 14 ] [90 83 58 ] [34 65 33 ] 
Individual lux values: 2.34993 7.20054 3.30119 9.11069 1.19144 6.56087 4.38276 8.54701 6.60298 0.256233 
Generation 266: Best fitness = 180730
Individual positions: [95 63 14 ] [87 58 5 ] [60 32 33 ] [52 80 50 ] [57 96 7 ] [14 47 59 ] [92 29 35 ] [38 43 14 ] [90 83 58 ] [34 65 33 ] 
Individual lux values: 2.34993 7.20054 3.30119 9.11069 1.19144 6.56087 4.38276 8.54701 6.60298 0.256233 
Generation 267: Best fitness = 195787
Individual positions: [95 63 14 ] [87 58 5 ] [32 2 12 ] [69 71 5 ] [57 96 7 ] [14 47 59 ] [92 29 35 ] [38 43 14 ] [90 83 58 ] [34 65 33 ] 
Individual lux values: 2.34993 7.20054 3.30119 9.11069 1.19144 6.56087 4.38276 5.37339 6.60298 0.256233 
Generation 268: Best fitness = 195787
Individual positions: [95 63 14 ] [87 58 5 ] [32 2 12 ] [69 71 5 ] [57 96 7 ] [14 47 59 ] [92 29 35 ] [38 43 14 ] [90 83 58 ] [34 65 33 ] 
Individual lux values: 2.34993 7.20054 3.30119 9.11069 1.19144 6.56087 4.38276 5.37339 6.60298 0.256233 
Generation 269: Best fitness = 195787
Individual positions: [95 63 14 ] [87 58 5 ] [32 2 12 ] [69 71 5 ] [57 96 7 ] [14 47 59 ] [92 29 35 ] [38 43 14 ] [90 83 58 ] [34 65 33 ] 
Individual lux values: 2.34993 7.20054 3.30119 9.11069 1.19144 6.56087 4.38276 5.37339 6.60298 0.256233 
Generation 270: Best fitness = 188905
Individual positions: [52 12 72 ] [11 63 86 ] [77 70 7 ] [69 71 5 ] [84 59 66 ] [53 95 18 ] [83 90 4 ] [82 74 5 ] [90 83 58 ] [34 65 33 ] 
Individual lux values: 2.34993 8.73135 8.83541 7.73186 1.19144 8.15729 4.38276 5.37339 6.60298 0.256233 
Generation 271: Best fitness = 176202
Individual positions: [84 71 64 ] [90 40 26 ] [54 90 32 ] [85 63 44 ] [53 33 54 ] [42 61 5 ] [92 29 35 ] [38 43 14 ] [90 83 58 ] [34 65 33 ] 
Individual lux values: 2.34993 7.20054 6.77847 4.41389 1.06174 8.16126 4.38276 5.37339 6.60298 0.256233 
Generation 272: Best fitness = 176202
Individual positions: [84 71 64 ] [90 40 26 ] [54 90 32 ] [85 63 44 ] [53 33 54 ] [42 61 5 ] [92 29 35 ] [38 43 14 ] [90 83 58 ] [34 65 33 ] 
Individual lux values: 2.34993 7.20054 6.77847 4.41389 1.06174 8.16126 4.38276 5.37339 6.60298 0.256233 
Generation 273: Best fitness = 213009
Individual positions: [72 84 29 ] [11 63 86 ] [77 70 7 ] [59 75 89 ] [80 87 30 ] [63 64 67 ] [92 29 35 ] [38 43 14 ] [90 83 58 ] [34 65 33 ] 
Individual lux values: 2.34993 7.20054 3.30119 5.47136 0.443739 8.16126 4.38276 5.37339 6.60298 0.256233 
Generation 274: Best fitness = 210928
Individual positions: [84 76 36 ] [14 58 87 ] [76 38 39 ] [69 71 5 ] [17 76 58 ] [66 81 18 ] [92 29 35 ] [38 43 14 ] [90 83 58 ] [34 65 33 ] 
Individual lux values: 2.34993 7.20054 3.30119 8.59188 1.19144 8.16126 4.38276 5.37339 6.60298 0.256233 
Generation 275: Best fitness = 205511
Individual positions: [31 79 46 ] [84 77 46 ] [77 70 7 ] [69 71 5 ] [17 76 58 ] [14 47 59 ] [92 29 35 ] [38 43 14 ] [90 83 58 ] [34 65 33 ] 
Individual lux values: 2.34993 7.20054 2.80068 8.59188 1.19144 8.16126 4.38276 5.37339 6.60298 0.256233 
Generation 276: Best fitness = 188544
Individual positions: [67 48 15 ] [90 64 27 ] [77 70 7 ] [69 71 5 ] [17 76 58 ] [14 47 59 ] [92 29 35 ] [38 43 14 ] [90 83 58 ] [34 65 33 ] 
Individual lux values: 9.79675 1.47008 3.30119 8.59188 1.19144 8.16126 4.38276 5.37339 6.60298 0.256233 
Generation 277: Best fitness = 165048
Individual positions: [55 97 22 ] [32 91 69 ] [67 36 8 ] [92 82 3 ] [57 38 47 ] [80 87 36 ] [74 59 84 ] [85 60 33 ] [90 83 58 ] [34 65 33 ] 
Individual lux values: 2.34993 7.20054 3.30119 8.59188 1.19144 8.16126 4.38276 7.94641 3.2786 0.256233 
Generation 278: Best fitness = 200977
Individual positions: [91 74 9 ] [55 16 29 ] [68 83 97 ] [58 81 11 ] [20 43 25 ] [80 91 42 ] [92 29 35 ] [38 43 14 ] [90 83 58 ] [34 65 33 ] 
Individual lux values: 2.34993 7.20054 3.30119 8.59188 5.9508 8.10877 4.38276 5.37339 6.60298 0.256233 
Generation 279: Best fitness = 201491
Individual positions: [81 58 35 ] [78 82 69 ] [53 80 76 ] [66 89 5 ] [71 76 55 ] [87 93 95 ] [83 7 7 ] [38 43 14 ] [90 83 58 ] [34 65 33 ] 
Individual lux values: 2.34993 4.29518 4.00861 6.82058 7.40654 8.95077 8.31385 5.37339 6.60298 0.256233 
Generation 280: Best fitness = 201491
Individual positions: [81 58 35 ] [78 82 69 ] [53 80 76 ] [66 89 5 ] [71 76 55 ] [87 93 95 ] [83 7 7 ] [38 43 14 ] [90 83 58 ] [34 65 33 ] 
Individual lux values: 2.34993 4.29518 4.00861 6.82058 7.40654 8.95077 8.31385 5.37339 6.60298 0.256233 
Generation 281: Best fitness = 201491
Individual positions: [81 58 35 ] [78 82 69 ] [53 80 76 ] [66 89 5 ] [71 76 55 ] [87 93 95 ] [83 7 7 ] [38 43 14 ] [90 83 58 ] [34 65 33 ] 
Individual lux values: 2.34993 4.29518 4.00861 6.82058 7.40654 8.95077 8.31385 5.37339 6.60298 0.256233 
Generation 282: Best fitness = 197033
Individual positions: [91 94 36 ] [78 42 50 ] [77 70 7 ] [69 71 5 ] [17 76 58 ] [14 47 59 ] [92 29 35 ] [38 43 14 ] [90 83 58 ] [34 65 33 ] 
Individual lux values: 8.19788 0.0698874 0.339061 6.71346 6.53005 3.81176 6.12262 8.67092 1.73833 0.256233 
Generation 283: Best fitness = 197033
Individual positions: [91 94 36 ] [78 42 50 ] [77 70 7 ] [69 71 5 ] [17 76 58 ] [14 47 59 ] [92 29 35 ] [38 43 14 ] [90 83 58 ] [34 65 33 ] 
Individual lux values: 8.19788 0.0698874 0.339061 6.71346 6.53005 3.81176 6.12262 8.67092 1.73833 0.256233 
Generation 284: Best fitness = 197033
Individual positions: [91 94 36 ] [78 42 50 ] [77 70 7 ] [69 71 5 ] [17 76 58 ] [14 47 59 ] [92 29 35 ] [38 43 14 ] [90 83 58 ] [34 65 33 ] 
Individual lux values: 8.19788 0.0698874 0.339061 6.71346 6.53005 3.81176 6.12262 8.67092 1.73833 0.256233 
Generation 285: Best fitness = 187721
Individual positions: [86 59 6 ] [79 50 27 ] [93 49 17 ] [69 71 5 ] [17 76 58 ] [14 47 59 ] [76 56 52 ] [38 43 14 ] [90 83 58 ] [34 65 33 ] 
Individual lux values: 5.55651 2.07343 1.81982 0.620136 7.30094 1.40568 1.47069 4.67971 8.21619 0.256233 
Generation 286: Best fitness = 200645
Individual positions: [56 50 8 ] [65 98 54 ] [58 67 17 ] [57 49 48 ] [56 74 56 ] [71 97 91 ] [77 31 46 ] [72 19 50 ] [53 61 13 ] [34 65 33 ] 
Individual lux values: 2.34993 0.0286874 6.27796 8.59188 1.19144 8.16126 4.38276 5.37339 6.60298 0.256233 
Generation 287: Best fitness = 202520
Individual positions: [96 46 7 ] [99 20 34 ] [77 70 7 ] [69 71 5 ] [17 76 58 ] [14 47 59 ] [76 56 52 ] [38 43 14 ] [90 83 58 ] [34 65 33 ] 
Individual lux values: 2.34993 7.20054 1.07242 8.59188 1.19144 8.16126 1.73315 9.48393 6.60298 0.256233 
Generation 288: Best fitness = 202520
Individual positions: [96 46 7 ] [99 20 34 ] [77 70 7 ] [69 71 5 ] [17 76 58 ] [14 47 59 ] [76 56 52 ] [38 43 14 ] [90 83 58 ] [34 65 33 ] 
Individual lux values: 2.34993 7.20054 1.07242 8.59188 1.19144 8.16126 1.73315 9.48393 6.60298 0.256233 
Generation 289: Best fitness = 203108
Individual positions: [13 29 71 ] [85 44 50 ] [72 61 63 ] [91 29 21 ] [70 81 14 ] [60 81 8 ] [76 56 52 ] [38 43 14 ] [90 83 58 ] [34 65 33 ] 
Individual lux values: 2.34993 9.09696 8.79482 0.00915555 2.43721 0.037843 2.18177 6.53066 6.60298 0.256233 
Generation 290: Best fitness = 195436
Individual positions: [10 81 58 ] [74 86 11 ] [77 70 7 ] [69 71 5 ] [26 68 10 ] [14 47 59 ] [76 56 52 ] [38 43 14 ] [90 83 58 ] [34 65 33 ] 
Individual lux values: 2.22755 0.146489 8.06421 6.31581 9.46928 9.51994 6.12354 4.95834 8.43806 0.256233 
Generation 291: Best fitness = 209355
Individual positions: [72 99 61 ] [27 85 49 ] [78 81 90 ] [8 57 24 ] [71 70 42 ] [96 59 53 ] [98 93 30 ] [68 14 30 ] [90 83 58 ] [34 65 33 ] 
Individual lux values: 2.34993 4.90036 5.82842 0.299997 0.621052 6.94021 5.66362 2.87301 6.84256 0.256233 
Generation 292: Best fitness = 192740
Individual positions: [77 85 61 ] [67 96 84 ] [97 90 42 ] [66 71 27 ] [88 46 26 ] [14 47 59 ] [76 56 52 ] [38 43 14 ] [90 83 58 ] [34 65 33 ] 
Individual lux values: 2.34993 7.20054 4.39619 1.78686 7.29637 8.16126 4.38276 0.111698 5.05539 0.256233 
Generation 293: Best fitness = 169059
Individual positions: [20 81 3 ] [93 76 62 ] [26 35 11 ] [61 83 20 ] [83 62 13 ] [89 36 12 ] [76 56 52 ] [38 43 14 ] [90 83 58 ] [34 65 33 ] 
Individual lux values: 2.34993 4.26008 0.104068 6.96188 2.51106 4.62081 5.64714 4.61837 6.60298 0.256233 
Generation 294: Best fitness = 169059
Individual positions: [20 81 3 ] [93 76 62 ] [26 35 11 ] [61 83 20 ] [83 62 13 ] [89 36 12 ] [76 56 52 ] [38 43 14 ] [90 83 58 ] [34 65 33 ] 
Individual lux values: 2.34993 4.26008 0.104068 6.96188 2.51106 4.62081 5.64714 4.61837 6.60298 0.256233 
Generation 295: Best fitness = 156653
Individual positions: [90 69 20 ] [66 93 72 ] [60 63 58 ] [94 79 21 ] [42 82 55 ] [96 40 9 ] [76 56 52 ] [38 43 14 ] [90 83 58 ] [34 65 33 ] 
Individual lux values: 2.34993 4.28205 5.39415 3.68206 3.6079 5.47197 1.92175 0.544145 6.60298 0.256233 
Generation 296: Best fitness = 156653
Individual positions: [90 69 20 ] [66 93 72 ] [60 63 58 ] [94 79 21 ] [42 82 55 ] [96 40 9 ] [76 56 52 ] [38 43 14 ] [90 83 58 ] [34 65 33 ] 
Individual lux values: 2.34993 4.28205 5.39415 3.68206 3.6079 5.47197 1.92175 0.544145 6.60298 0.256233 
Generation 297: Best fitness = 169059
Individual positions: [20 81 3 ] [93 76 62 ] [26 35 11 ] [61 83 20 ] [83 62 13 ] [89 36 12 ] [76 56 52 ] [38 43 14 ] [90 83 58 ] [34 65 33 ] 
Individual lux values: 2.34993 4.26008 0.104068 6.96188 2.51106 4.62081 5.64714 4.61837 6.60298 0.256233 
Generation 298: Best fitness = 169059
Individual positions: [20 81 3 ] [93 76 62 ] [26 35 11 ] [61 83 20 ] [83 62 13 ] [89 36 12 ] [76 56 52 ] [38 43 14 ] [90 83 58 ] [34 65 33 ] 
Individual lux values: 2.34993 4.26008 0.104068 6.96188 2.51106 4.62081 5.64714 4.61837 6.60298 0.256233 
Generation 299: Best fitness = 207393
Individual positions: [52 12 72 ] [54 69 46 ] [99 93 4 ] [96 74 35 ] [42 81 34 ] [69 17 65 ] [46 71 19 ] [57 97 74 ] [90 83 58 ] [34 65 33 ] 
Individual lux values: 2.34993 7.20054 2.26051 8.54854 9.89654 2.08838 1.1951 8.65658 6.60298 0.256233 
