----------------------------------------
mutation_probability: 10
crossover_probability: 60
parent_ratio: 2
tournament_size: 20
population_size: 2000
n_positions: 10
dimensions: 3
min: 0
max: 100
roulette_selection_used: false
----------------------------------------
Generation 0: Best fitness = 168491
Individual positions: [83 3 51 ] [66 42 10 ] [94 92 54 ] [34 47 37 ] [84 31 45 ] [27 98 29 ] [73 56 19 ] [76 83 39 ] [50 89 2 ] [99 57 5 ] 
Individual lux values: 0.732017 0.405591 0.27958 0.568743 0.682241 0.755852 0.721915 0.475295 0.12302 0.367809 
Generation 1: Best fitness = 88620.2
Individual positions: [79 86 41 ] [81 87 48 ] [80 32 42 ] [57 63 41 ] [88 70 37 ] [62 91 8 ] [90 61 14 ] [62 46 34 ] [99 83 19 ] [81 78 27 ] 
Individual lux values: 0.66216 0.887234 0.798059 0.223121 0.412885 0.777398 0.487075 0.578143 0.640736 0.998993 
Generation 2: Best fitness = 70493.8
Individual positions: [79 86 41 ] [42 84 9 ] [77 97 17 ] [57 63 41 ] [67 72 4 ] [92 91 23 ] [94 62 26 ] [73 82 42 ] [85 73 1 ] [96 46 40 ] 
Individual lux values: 0.925779 0.887234 0.584704 0.655751 0.973022 0.199103 0.650746 0.499527 0.526475 0.732139 
Generation 3: Best fitness = 55079.4
Individual positions: [87 71 4 ] [55 77 56 ] [77 97 17 ] [58 72 38 ] [69 72 24 ] [90 94 6 ] [90 61 14 ] [76 83 39 ] [85 73 1 ] [99 67 4 ] 
Individual lux values: 0.810785 0.893063 0.432264 0.556261 0.829524 0.199103 0.412854 0.528764 0.0910062 0.90817 
Generation 4: Best fitness = 35859.2
Individual positions: [96 66 0 ] [65 96 45 ] [77 97 17 ] [79 50 18 ] [72 95 12 ] [90 94 6 ] [80 68 5 ] [90 78 20 ] [99 83 19 ] [99 67 4 ] 
Individual lux values: 0.925779 0.0396741 0.957884 0.926664 0.525468 0.740165 0.20893 0.902829 0.999084 0.578051 
Generation 5: Best fitness = 27780.3
Individual positions: [87 71 4 ] [69 84 19 ] [77 97 17 ] [87 54 3 ] [72 95 12 ] [62 91 8 ] [80 68 5 ] [90 78 20 ] [81 96 11 ] [89 73 19 ] 
Individual lux values: 0.981903 0.0396741 0.957884 0.926664 0.525468 0.742882 0.851833 0.0913724 0.9906 0.90817 
Generation 6: Best fitness = 24274.6
Individual positions: [87 71 4 ] [69 84 19 ] [75 81 17 ] [87 54 3 ] [72 95 12 ] [92 91 23 ] [79 93 16 ] [90 78 20 ] [81 96 11 ] [89 73 19 ] 
Individual lux values: 0.981903 0.0396741 0.895657 0.926664 0.0243843 0.199103 0.851833 0.93524 0.488357 0.0637532 
Generation 7: Best fitness = 22072.7
Individual positions: [87 71 4 ] [69 84 19 ] [77 97 17 ] [87 54 3 ] [72 95 12 ] [90 94 6 ] [79 93 16 ] [90 78 20 ] [96 92 0 ] [75 98 18 ] 
Individual lux values: 0.925779 0.796503 0.27958 0.556261 0.525468 0.740165 0.0828272 0.791162 0.999084 0.732139 
Generation 8: Best fitness = 21930.1
Individual positions: [87 71 4 ] [69 84 19 ] [77 97 17 ] [87 54 3 ] [72 95 12 ] [90 94 6 ] [79 93 16 ] [90 78 20 ] [96 92 0 ] [89 73 19 ] 
Individual lux values: 0.981903 0.273385 0.912503 0.926664 0.973022 0.991455 0.851833 0.492721 0.488357 0.90817 
Generation 9: Best fitness = 16931.1
Individual positions: [87 71 4 ] [69 84 19 ] [77 97 17 ] [93 96 3 ] [72 95 12 ] [90 94 6 ] [79 93 16 ] [90 78 20 ] [81 96 11 ] [89 73 19 ] 
Individual lux values: 0.925779 0.273385 0.912503 0.777184 0.759819 0.991455 0.0828272 0.0913724 0.9906 0.90817 
Generation 10: Best fitness = 21926.3
Individual positions: [87 71 4 ] [69 84 19 ] [77 97 17 ] [87 54 3 ] [72 95 12 ] [90 94 6 ] [79 93 16 ] [90 78 20 ] [96 92 0 ] [89 73 19 ] 
Individual lux values: 0.981903 0.796503 0.912503 0.926664 0.973022 0.991455 0.851833 0.902829 0.9906 0.732139 
Generation 11: Best fitness = 18170.6
Individual positions: [87 71 4 ] [69 84 19 ] [77 97 17 ] [97 69 4 ] [72 95 12 ] [90 94 6 ] [79 93 16 ] [90 78 20 ] [96 92 0 ] [89 73 19 ] 
Individual lux values: 0.925779 0.796503 0.895657 0.556261 0.973022 0.991455 0.851833 0.330821 0.9906 0.90817 
Generation 12: Best fitness = 18167.4
Individual positions: [87 71 4 ] [69 84 19 ] [77 97 17 ] [97 69 4 ] [72 95 12 ] [90 94 6 ] [79 93 16 ] [90 78 20 ] [96 92 0 ] [89 73 19 ] 
Individual lux values: 0.925779 0.922514 0.895657 0.926664 0.973022 0.991455 0.851833 0.902829 0.9906 0.90817 
Generation 13: Best fitness = 18167
Individual positions: [87 71 4 ] [69 84 19 ] [77 97 17 ] [97 69 4 ] [72 95 12 ] [90 94 6 ] [79 93 16 ] [90 78 20 ] [96 92 0 ] [89 73 19 ] 
Individual lux values: 0.981903 0.922514 0.957884 0.926664 0.973022 0.991455 0.851833 0.93524 0.9906 0.90817 
Generation 14: Best fitness = 18167
Individual positions: [87 71 4 ] [69 84 19 ] [77 97 17 ] [97 69 4 ] [72 95 12 ] [90 94 6 ] [79 93 16 ] [90 78 20 ] [96 92 0 ] [89 73 19 ] 
Individual lux values: 0.981903 0.922514 0.957884 0.926664 0.973022 0.991455 0.851833 0.93524 0.9906 0.90817 
Generation 15: Best fitness = 17336.7
Individual positions: [87 71 4 ] [69 84 19 ] [88 96 18 ] [97 69 4 ] [72 95 12 ] [90 94 6 ] [79 93 16 ] [90 78 20 ] [96 92 0 ] [89 73 19 ] 
Individual lux values: 0.981903 0.922514 0.912503 0.926664 0.530992 0.991455 0.439833 0.93524 0.9906 0.90817 
Generation 16: Best fitness = 17143.4
Individual positions: [87 71 4 ] [69 84 19 ] [84 81 12 ] [97 69 4 ] [72 95 12 ] [90 94 6 ] [79 93 16 ] [90 78 20 ] [96 92 0 ] [89 73 19 ] 
Individual lux values: 0.925779 0.950163 0.912503 0.926664 0.973022 0.991455 0.569689 0.434858 0.9906 0.90817 
Generation 17: Best fitness = 16957.1
Individual positions: [87 71 4 ] [69 84 19 ] [88 96 18 ] [97 69 4 ] [99 82 21 ] [90 94 6 ] [79 93 16 ] [90 78 20 ] [96 92 0 ] [89 73 19 ] 
Individual lux values: 0.981903 0.950163 0.957884 0.926664 0.973022 0.991455 0.851833 0.93524 0.9906 0.90817 
Generation 18: Best fitness = 16763.9
Individual positions: [87 71 4 ] [69 84 19 ] [84 81 12 ] [97 69 4 ] [99 82 21 ] [90 94 6 ] [79 93 16 ] [90 78 20 ] [96 92 0 ] [89 73 19 ] 
Individual lux values: 0.981903 0.950163 0.957884 0.926664 0.973022 0.991455 0.851833 0.93524 0.9906 0.90817 
Generation 19: Best fitness = 16763.8
Individual positions: [87 71 4 ] [69 84 19 ] [84 81 12 ] [97 69 4 ] [99 82 21 ] [90 94 6 ] [79 93 16 ] [90 78 20 ] [96 92 0 ] [89 73 19 ] 
Individual lux values: 0.981903 0.950163 0.984863 0.926664 0.973022 0.991455 0.851833 0.93524 0.999084 0.90817 
Generation 20: Best fitness = 15985.8
Individual positions: [87 71 4 ] [79 85 2 ] [68 89 4 ] [97 69 4 ] [99 82 21 ] [90 94 6 ] [79 93 16 ] [90 78 20 ] [96 92 0 ] [89 73 19 ] 
Individual lux values: 0.804865 0.738487 0.252937 0.353008 0.854518 0.991455 0.851833 0.93524 0.999084 0.90817 
Generation 21: Best fitness = 14308
Individual positions: [87 71 4 ] [79 85 2 ] [84 81 12 ] [97 69 4 ] [99 82 21 ] [90 94 6 ] [79 93 16 ] [90 78 20 ] [96 92 0 ] [89 73 19 ] 
Individual lux values: 0.981903 0.950163 0.984863 0.926664 0.973022 0.991455 0.851833 0.93524 0.999084 0.90817 
Generation 22: Best fitness = 14308
Individual positions: [87 71 4 ] [79 85 2 ] [84 81 12 ] [97 69 4 ] [99 82 21 ] [90 94 6 ] [79 93 16 ] [90 78 20 ] [96 92 0 ] [89 73 19 ] 
Individual lux values: 0.981903 0.950163 0.984863 0.926664 0.973022 0.991455 0.851833 0.93524 0.999084 0.90817 
Generation 23: Best fitness = 14307.7
Individual positions: [87 71 4 ] [79 85 2 ] [84 81 12 ] [97 69 4 ] [99 82 21 ] [90 94 6 ] [79 93 16 ] [90 78 20 ] [96 92 0 ] [89 73 19 ] 
Individual lux values: 0.981903 0.950163 0.984863 0.926664 0.973022 0.991455 0.964293 0.93524 0.999084 0.90817 
Generation 24: Best fitness = 14307.7
Individual positions: [87 71 4 ] [79 85 2 ] [84 81 12 ] [97 69 4 ] [99 82 21 ] [90 94 6 ] [79 93 16 ] [90 78 20 ] [96 92 0 ] [89 73 19 ] 
Individual lux values: 0.981903 0.950163 0.984863 0.926664 0.973022 0.991455 0.964293 0.93524 0.999084 0.90817 
Generation 25: Best fitness = 14056.1
Individual positions: [87 71 4 ] [81 94 4 ] [84 81 12 ] [97 69 4 ] [99 82 21 ] [90 94 6 ] [79 93 16 ] [90 78 20 ] [96 92 0 ] [89 73 19 ] 
Individual lux values: 0.981903 0.950163 0.984863 0.926664 0.973022 0.991455 0.964293 0.93524 0.999084 0.90817 
Generation 26: Best fitness = 14056.1
Individual positions: [87 71 4 ] [81 94 4 ] [84 81 12 ] [97 69 4 ] [99 82 21 ] [90 94 6 ] [79 93 16 ] [90 78 20 ] [96 92 0 ] [89 73 19 ] 
Individual lux values: 0.981903 0.950163 0.984863 0.926664 0.973022 0.991455 0.964293 0.93524 0.999084 0.90817 
Generation 27: Best fitness = 14056.1
Individual positions: [87 71 4 ] [81 94 4 ] [84 81 12 ] [97 69 4 ] [99 82 21 ] [90 94 6 ] [79 93 16 ] [90 78 20 ] [96 92 0 ] [89 73 19 ] 
Individual lux values: 0.981903 0.950163 0.984863 0.926664 0.973022 0.991455 0.964293 0.93524 0.999084 0.90817 
Generation 28: Best fitness = 12735.9
Individual positions: [87 71 4 ] [81 94 4 ] [84 81 12 ] [97 69 4 ] [85 90 11 ] [90 94 6 ] [79 93 16 ] [90 78 20 ] [96 92 0 ] [89 73 19 ] 
Individual lux values: 0.981903 0.950163 0.984863 0.322794 0.973022 0.563524 0.964293 0.93524 0.999084 0.90817 
Generation 29: Best fitness = 12735.9
Individual positions: [87 71 4 ] [81 94 4 ] [84 81 12 ] [97 69 4 ] [85 90 11 ] [90 94 6 ] [79 93 16 ] [90 78 20 ] [96 92 0 ] [89 73 19 ] 
Individual lux values: 0.981903 0.950163 0.984863 0.322794 0.973022 0.563524 0.964293 0.93524 0.999084 0.90817 
Generation 30: Best fitness = 12732.8
Individual positions: [87 71 4 ] [81 94 4 ] [84 81 12 ] [97 69 4 ] [85 90 11 ] [90 94 6 ] [79 93 16 ] [90 78 20 ] [96 92 0 ] [89 73 19 ] 
Individual lux values: 0.981903 0.950163 0.984863 0.926664 0.973022 0.991455 0.964293 0.93524 0.999084 0.90817 
Generation 31: Best fitness = 12732.6
Individual positions: [87 71 4 ] [81 94 4 ] [84 81 12 ] [97 69 4 ] [85 90 11 ] [90 94 6 ] [79 93 16 ] [90 78 20 ] [96 92 0 ] [89 73 19 ] 
Individual lux values: 0.981903 0.950163 0.984863 0.97528 0.973022 0.991455 0.964293 0.93524 0.999084 0.90817 
Generation 32: Best fitness = 12732.5
Individual positions: [87 71 4 ] [81 94 4 ] [84 81 12 ] [97 69 4 ] [85 90 11 ] [90 94 6 ] [79 93 16 ] [90 78 20 ] [96 92 0 ] [89 73 19 ] 
Individual lux values: 0.981903 0.950163 0.984863 0.97528 0.973022 0.991455 0.964293 0.976043 0.999084 0.90817 
Generation 33: Best fitness = 12732.5
Individual positions: [87 71 4 ] [81 94 4 ] [84 81 12 ] [97 69 4 ] [85 90 11 ] [90 94 6 ] [79 93 16 ] [90 78 20 ] [96 92 0 ] [89 73 19 ] 
Individual lux values: 0.981903 0.957488 0.984863 0.97528 0.973022 0.991455 0.964293 0.976043 0.999084 0.90817 
Generation 34: Best fitness = 12732.5
Individual positions: [87 71 4 ] [81 94 4 ] [84 81 12 ] [97 69 4 ] [85 90 11 ] [90 94 6 ] [79 93 16 ] [90 78 20 ] [96 92 0 ] [89 73 19 ] 
Individual lux values: 0.981903 0.957488 0.984863 0.97528 0.973022 0.991455 0.964293 0.976043 0.999084 0.90817 
Generation 35: Best fitness = 12732.5
Individual positions: [87 71 4 ] [81 94 4 ] [84 81 12 ] [97 69 4 ] [85 90 11 ] [90 94 6 ] [79 93 16 ] [90 78 20 ] [96 92 0 ] [89 73 19 ] 
Individual lux values: 0.981903 0.957488 0.984863 0.97528 0.973022 0.991455 0.964293 0.976043 0.999084 0.90817 
Generation 36: Best fitness = 12732.5
Individual positions: [87 71 4 ] [81 94 4 ] [84 81 12 ] [97 69 4 ] [85 90 11 ] [90 94 6 ] [79 93 16 ] [90 78 20 ] [96 92 0 ] [89 73 19 ] 
Individual lux values: 0.981903 0.957488 0.991089 0.97528 0.973022 0.991455 0.964293 0.976043 0.999084 0.90817 
Generation 37: Best fitness = 12732.5
Individual positions: [87 71 4 ] [81 94 4 ] [84 81 12 ] [97 69 4 ] [85 90 11 ] [90 94 6 ] [79 93 16 ] [90 78 20 ] [96 92 0 ] [89 73 19 ] 
Individual lux values: 0.981903 0.957488 0.991089 0.97528 0.973022 0.991455 0.964293 0.976043 0.999084 0.90817 
Generation 38: Best fitness = 12732.5
Individual positions: [87 71 4 ] [81 94 4 ] [84 81 12 ] [97 69 4 ] [85 90 11 ] [90 94 6 ] [79 93 16 ] [90 78 20 ] [96 92 0 ] [89 73 19 ] 
Individual lux values: 0.981903 0.957488 0.991089 0.97528 0.973022 0.991455 0.964293 0.976043 0.999084 0.90817 
Generation 39: Best fitness = 12732.5
Individual positions: [87 71 4 ] [81 94 4 ] [84 81 12 ] [97 69 4 ] [85 90 11 ] [90 94 6 ] [79 93 16 ] [90 78 20 ] [96 92 0 ] [89 73 19 ] 
Individual lux values: 0.981903 0.957488 0.991089 0.97528 0.973022 0.991455 0.964293 0.976043 0.999084 0.90817 
Generation 40: Best fitness = 12732.5
Individual positions: [87 71 4 ] [81 94 4 ] [84 81 12 ] [97 69 4 ] [85 90 11 ] [90 94 6 ] [79 93 16 ] [90 78 20 ] [96 92 0 ] [89 73 19 ] 
Individual lux values: 0.981903 0.957488 0.991089 0.97528 0.973022 0.991455 0.964293 0.976043 0.999084 0.90817 
Generation 41: Best fitness = 12732.5
Individual positions: [87 71 4 ] [81 94 4 ] [84 81 12 ] [97 69 4 ] [85 90 11 ] [90 94 6 ] [79 93 16 ] [90 78 20 ] [96 92 0 ] [89 73 19 ] 
Individual lux values: 0.981903 0.957488 0.991089 0.97528 0.973022 0.991455 0.964293 0.976043 0.999084 0.90817 
Generation 42: Best fitness = 12732.5
Individual positions: [87 71 4 ] [81 94 4 ] [84 81 12 ] [97 69 4 ] [85 90 11 ] [90 94 6 ] [79 93 16 ] [90 78 20 ] [96 92 0 ] [89 73 19 ] 
Individual lux values: 0.981903 0.957488 0.991089 0.97528 0.973022 0.991455 0.964293 0.976043 0.999084 0.90817 
Generation 43: Best fitness = 12226.6
Individual positions: [87 71 4 ] [93 86 5 ] [84 81 12 ] [97 69 4 ] [85 90 11 ] [90 94 6 ] [79 93 16 ] [90 78 20 ] [96 92 0 ] [89 73 19 ] 
Individual lux values: 0.981903 0.957488 0.991089 0.97528 0.973022 0.703421 0.0291757 0.976043 0.999084 0.90817 
Generation 44: Best fitness = 12222.9
Individual positions: [87 71 4 ] [93 86 5 ] [84 81 12 ] [97 69 4 ] [85 90 11 ] [90 94 6 ] [79 93 16 ] [90 78 20 ] [96 92 0 ] [89 73 19 ] 
Individual lux values: 0.981903 0.957488 0.991089 0.97528 0.973022 0.991455 0.964293 0.976043 0.999084 0.90817 
Generation 45: Best fitness = 12222.9
Individual positions: [87 71 4 ] [93 86 5 ] [84 81 12 ] [97 69 4 ] [85 90 11 ] [90 94 6 ] [79 93 16 ] [90 78 20 ] [96 92 0 ] [89 73 19 ] 
Individual lux values: 0.981903 0.957488 0.991089 0.97528 0.973022 0.991455 0.964293 0.976043 0.999084 0.90817 
Generation 46: Best fitness = 12222.9
Individual positions: [87 71 4 ] [93 86 5 ] [84 81 12 ] [97 69 4 ] [85 90 11 ] [90 94 6 ] [79 93 16 ] [90 78 20 ] [96 92 0 ] [89 73 19 ] 
Individual lux values: 0.981903 0.957488 0.991089 0.97528 0.973022 0.991455 0.964293 0.976043 0.999084 0.90817 
Generation 47: Best fitness = 12222.9
Individual positions: [87 71 4 ] [93 86 5 ] [84 81 12 ] [97 69 4 ] [85 90 11 ] [90 94 6 ] [79 93 16 ] [90 78 20 ] [96 92 0 ] [89 73 19 ] 
Individual lux values: 0.981903 0.957488 0.991089 0.97528 0.973022 0.991455 0.964293 0.976043 0.999084 0.90817 
Generation 48: Best fitness = 12222.9
Individual positions: [87 71 4 ] [93 86 5 ] [84 81 12 ] [97 69 4 ] [85 90 11 ] [90 94 6 ] [79 93 16 ] [90 78 20 ] [96 92 0 ] [89 73 19 ] 
Individual lux values: 0.981903 0.957488 0.991089 0.97528 0.973022 0.991455 0.964293 0.976043 0.999084 0.90817 
Generation 49: Best fitness = 12222.9
Individual positions: [87 71 4 ] [93 86 5 ] [84 81 12 ] [97 69 4 ] [85 90 11 ] [90 94 6 ] [79 93 16 ] [90 78 20 ] [96 92 0 ] [89 73 19 ] 
Individual lux values: 0.981903 0.957488 0.991089 0.97528 0.973022 0.991455 0.964293 0.976043 0.999084 0.90817 
Generation 50: Best fitness = 12222.9
Individual positions: [87 71 4 ] [93 86 5 ] [84 81 12 ] [97 69 4 ] [85 90 11 ] [90 94 6 ] [79 93 16 ] [90 78 20 ] [96 92 0 ] [89 73 19 ] 
Individual lux values: 0.981903 0.957488 0.991089 0.97528 0.973022 0.991455 0.964293 0.976043 0.999084 0.90817 
Generation 51: Best fitness = 12222.9
Individual positions: [87 71 4 ] [93 86 5 ] [84 81 12 ] [97 69 4 ] [85 90 11 ] [90 94 6 ] [79 93 16 ] [90 78 20 ] [96 92 0 ] [89 73 19 ] 
Individual lux values: 0.981903 0.972686 0.991089 0.97528 0.973022 0.991455 0.964293 0.976043 0.999084 0.90817 
Generation 52: Best fitness = 12222.9
Individual positions: [87 71 4 ] [93 86 5 ] [84 81 12 ] [97 69 4 ] [85 90 11 ] [90 94 6 ] [79 93 16 ] [90 78 20 ] [96 92 0 ] [89 73 19 ] 
Individual lux values: 0.981903 0.972686 0.991089 0.97528 0.973022 0.991455 0.964293 0.976043 0.999084 0.90817 
Generation 53: Best fitness = 11252.2
Individual positions: [87 71 4 ] [93 86 5 ] [84 81 12 ] [97 69 4 ] [85 90 11 ] [90 94 6 ] [88 97 3 ] [90 78 20 ] [96 92 0 ] [89 73 19 ] 
Individual lux values: 0.981903 0.957488 0.991089 0.97528 0.356853 0.923734 0.896237 0.658193 0.737724 0.90817 
Generation 54: Best fitness = 11252.1
Individual positions: [87 71 4 ] [93 86 5 ] [84 81 12 ] [97 69 4 ] [85 90 11 ] [90 94 6 ] [88 97 3 ] [90 78 20 ] [96 92 0 ] [89 73 19 ] 
Individual lux values: 0.981903 0.972686 0.991089 0.97528 0.356853 0.923734 0.896237 0.658193 0.737724 0.90817 
Generation 55: Best fitness = 11248.1
Individual positions: [87 71 4 ] [93 86 5 ] [84 81 12 ] [97 69 4 ] [85 90 11 ] [90 94 6 ] [88 97 3 ] [90 78 20 ] [96 92 0 ] [89 73 19 ] 
Individual lux values: 0.981903 0.972686 0.991089 0.97528 0.973022 0.991455 0.964293 0.976043 0.999084 0.90817 
Generation 56: Best fitness = 11248.1
Individual positions: [87 71 4 ] [93 86 5 ] [84 81 12 ] [97 69 4 ] [85 90 11 ] [90 94 6 ] [88 97 3 ] [90 78 20 ] [96 92 0 ] [89 73 19 ] 
Individual lux values: 0.981903 0.972686 0.991089 0.97528 0.973022 0.991455 0.964293 0.998413 0.999084 0.90817 
Generation 57: Best fitness = 11248.1
Individual positions: [87 71 4 ] [93 86 5 ] [84 81 12 ] [97 69 4 ] [85 90 11 ] [90 94 6 ] [88 97 3 ] [90 78 20 ] [96 92 0 ] [89 73 19 ] 
Individual lux values: 0.981903 0.972686 0.991089 0.97528 0.973022 0.991455 0.964293 0.998413 0.999084 0.90817 
Generation 58: Best fitness = 11248.1
Individual positions: [87 71 4 ] [93 86 5 ] [84 81 12 ] [97 69 4 ] [85 90 11 ] [90 94 6 ] [88 97 3 ] [90 78 20 ] [96 92 0 ] [89 73 19 ] 
Individual lux values: 0.981903 0.972686 0.991089 0.97528 0.973022 0.991455 0.964293 0.998413 0.999084 0.90817 
Generation 59: Best fitness = 10523.4
Individual positions: [87 71 4 ] [93 86 5 ] [84 81 12 ] [80 85 17 ] [85 90 11 ] [90 94 6 ] [88 97 3 ] [90 78 20 ] [96 92 0 ] [89 73 19 ] 
Individual lux values: 0.981903 0.341319 0.991089 0.97528 0.973022 0.991455 0.964293 0.976043 0.999084 0.90817 
Generation 60: Best fitness = 10521.4
Individual positions: [87 71 4 ] [93 86 5 ] [84 81 12 ] [80 85 17 ] [85 90 11 ] [90 94 6 ] [88 97 3 ] [90 78 20 ] [96 92 0 ] [89 73 19 ] 
Individual lux values: 0.981903 0.972686 0.991089 0.97528 0.973022 0.991455 0.964293 0.998413 0.999084 0.90817 
Generation 61: Best fitness = 10521.4
Individual positions: [87 71 4 ] [93 86 5 ] [84 81 12 ] [80 85 17 ] [85 90 11 ] [90 94 6 ] [88 97 3 ] [90 78 20 ] [96 92 0 ] [89 73 19 ] 
Individual lux values: 0.981903 0.972686 0.991089 0.97528 0.973022 0.991455 0.964293 0.998413 0.999084 0.90817 
Generation 62: Best fitness = 10521.4
Individual positions: [87 71 4 ] [93 86 5 ] [84 81 12 ] [80 85 17 ] [85 90 11 ] [90 94 6 ] [88 97 3 ] [90 78 20 ] [96 92 0 ] [89 73 19 ] 
Individual lux values: 0.981903 0.972686 0.991089 0.97528 0.973022 0.991455 0.964293 0.998413 0.999084 0.90817 
Generation 63: Best fitness = 10386
Individual positions: [87 71 4 ] [93 86 5 ] [84 81 12 ] [80 85 17 ] [86 91 9 ] [90 94 6 ] [88 97 3 ] [90 78 20 ] [96 92 0 ] [89 73 19 ] 
Individual lux values: 0.981903 0.972686 0.991089 0.97528 0.973022 0.991455 0.964293 0.998413 0.999084 0.90817 
Generation 64: Best fitness = 10386
Individual positions: [87 71 4 ] [93 86 5 ] [84 81 12 ] [80 85 17 ] [86 91 9 ] [90 94 6 ] [88 97 3 ] [90 78 20 ] [96 92 0 ] [89 73 19 ] 
Individual lux values: 0.981903 0.972686 0.991089 0.97528 0.973022 0.991455 0.964293 0.998413 0.999084 0.90817 
Generation 65: Best fitness = 10386
Individual positions: [87 71 4 ] [93 86 5 ] [84 81 12 ] [80 85 17 ] [86 91 9 ] [90 94 6 ] [88 97 3 ] [90 78 20 ] [96 92 0 ] [89 73 19 ] 
Individual lux values: 0.981903 0.972686 0.991089 0.97528 0.973022 0.991455 0.964293 0.998413 0.999084 0.90817 
Generation 66: Best fitness = 10385.9
Individual positions: [87 71 4 ] [93 86 5 ] [84 81 12 ] [80 85 17 ] [86 91 9 ] [90 94 6 ] [88 97 3 ] [90 78 20 ] [96 92 0 ] [89 73 19 ] 
Individual lux values: 0.981903 0.972686 0.991089 0.97528 0.973022 0.991455 0.986969 0.998413 0.999084 0.90817 
Generation 67: Best fitness = 10385.9
Individual positions: [87 71 4 ] [93 86 5 ] [84 81 12 ] [80 85 17 ] [86 91 9 ] [90 94 6 ] [88 97 3 ] [90 78 20 ] [96 92 0 ] [89 73 19 ] 
Individual lux values: 0.981903 0.972686 0.991089 0.97528 0.973022 0.991455 0.986969 0.998413 0.999084 0.90817 
Generation 68: Best fitness = 10385.9
Individual positions: [87 71 4 ] [93 86 5 ] [84 81 12 ] [80 85 17 ] [86 91 9 ] [90 94 6 ] [88 97 3 ] [90 78 20 ] [96 92 0 ] [89 73 19 ] 
Individual lux values: 0.981903 0.972686 0.991089 0.97528 0.973022 0.991455 0.986969 0.998413 0.999084 0.90817 
Generation 69: Best fitness = 10385.9
Individual positions: [87 71 4 ] [93 86 5 ] [84 81 12 ] [80 85 17 ] [86 91 9 ] [90 94 6 ] [88 97 3 ] [90 78 20 ] [96 92 0 ] [89 73 19 ] 
Individual lux values: 0.981903 0.972686 0.991089 0.97528 0.973022 0.991455 0.986969 0.998413 0.999084 0.90817 
Generation 70: Best fitness = 10385.9
Individual positions: [87 71 4 ] [93 86 5 ] [84 81 12 ] [80 85 17 ] [86 91 9 ] [90 94 6 ] [88 97 3 ] [90 78 20 ] [96 92 0 ] [89 73 19 ] 
Individual lux values: 0.981903 0.972686 0.991089 0.97528 0.973022 0.991455 0.986969 0.998413 0.999084 0.90817 
Generation 71: Best fitness = 10385.9
Individual positions: [87 71 4 ] [93 86 5 ] [84 81 12 ] [80 85 17 ] [86 91 9 ] [90 94 6 ] [88 97 3 ] [90 78 20 ] [96 92 0 ] [89 73 19 ] 
Individual lux values: 0.981903 0.972686 0.991089 0.97528 0.973022 0.991455 0.986969 0.998413 0.999084 0.90817 
Generation 72: Best fitness = 10385.9
Individual positions: [87 71 4 ] [93 86 5 ] [84 81 12 ] [80 85 17 ] [86 91 9 ] [90 94 6 ] [88 97 3 ] [90 78 20 ] [96 92 0 ] [89 73 19 ] 
Individual lux values: 0.981903 0.972686 0.991089 0.97528 0.973022 0.991455 0.986969 0.998413 0.999084 0.90817 
Generation 73: Best fitness = 10385.9
Individual positions: [87 71 4 ] [93 86 5 ] [84 81 12 ] [80 85 17 ] [86 91 9 ] [90 94 6 ] [88 97 3 ] [90 78 20 ] [96 92 0 ] [89 73 19 ] 
Individual lux values: 0.981903 0.972686 0.991089 0.97528 0.973022 0.991455 0.986969 0.998413 0.999084 0.90817 
Generation 74: Best fitness = 10385.9
Individual positions: [87 71 4 ] [93 86 5 ] [84 81 12 ] [80 85 17 ] [86 91 9 ] [90 94 6 ] [88 97 3 ] [90 78 20 ] [96 92 0 ] [89 73 19 ] 
Individual lux values: 0.981903 0.972686 0.991089 0.97528 0.973022 0.991455 0.986969 0.998413 0.999084 0.90817 
Generation 75: Best fitness = 10385.8
Individual positions: [87 71 4 ] [93 86 5 ] [84 81 12 ] [80 85 17 ] [86 91 9 ] [90 94 6 ] [88 97 3 ] [90 78 20 ] [96 92 0 ] [89 73 19 ] 
Individual lux values: 0.981903 0.997711 0.991089 0.97528 0.973022 0.991455 0.986969 0.998413 0.999084 0.90817 
Generation 76: Best fitness = 10385.8
Individual positions: [87 71 4 ] [93 86 5 ] [84 81 12 ] [80 85 17 ] [86 91 9 ] [90 94 6 ] [88 97 3 ] [90 78 20 ] [96 92 0 ] [89 73 19 ] 
Individual lux values: 0.981903 0.997711 0.991089 0.97528 0.973022 0.991455 0.986969 0.998413 0.999084 0.90817 
Generation 77: Best fitness = 10385.8
Individual positions: [87 71 4 ] [93 86 5 ] [84 81 12 ] [80 85 17 ] [86 91 9 ] [90 94 6 ] [88 97 3 ] [90 78 20 ] [96 92 0 ] [89 73 19 ] 
Individual lux values: 0.981903 0.997711 0.991089 0.97528 0.973022 0.991455 0.986969 0.998413 0.999084 0.90817 
Generation 78: Best fitness = 10385.8
Individual positions: [87 71 4 ] [93 86 5 ] [84 81 12 ] [80 85 17 ] [86 91 9 ] [90 94 6 ] [88 97 3 ] [90 78 20 ] [96 92 0 ] [89 73 19 ] 
Individual lux values: 0.981903 0.997711 0.991089 0.97528 0.973022 0.991455 0.986969 0.998413 0.999084 0.90817 
Generation 79: Best fitness = 10385.8
Individual positions: [87 71 4 ] [93 86 5 ] [84 81 12 ] [80 85 17 ] [86 91 9 ] [90 94 6 ] [88 97 3 ] [90 78 20 ] [96 92 0 ] [89 73 19 ] 
Individual lux values: 0.981903 0.997711 0.991089 0.97528 0.973022 0.991455 0.986969 0.998413 0.999084 0.90817 
Generation 80: Best fitness = 10220.7
Individual positions: [87 71 4 ] [93 86 5 ] [95 95 15 ] [80 85 17 ] [86 91 9 ] [90 94 6 ] [88 97 3 ] [90 78 20 ] [96 92 0 ] [89 73 19 ] 
Individual lux values: 0.981903 0.997711 0.991089 0.893521 0.973022 0.991455 0.986969 0.998413 0.999084 0.90817 
Generation 81: Best fitness = 10220.4
Individual positions: [87 71 4 ] [93 86 5 ] [95 95 15 ] [80 85 17 ] [86 91 9 ] [90 94 6 ] [88 97 3 ] [90 78 20 ] [96 92 0 ] [89 73 19 ] 
Individual lux values: 0.981903 0.997711 0.991089 0.97528 0.973022 0.991455 0.986969 0.998413 0.999084 0.90817 
Generation 82: Best fitness = 10220.4
Individual positions: [87 71 4 ] [93 86 5 ] [95 95 15 ] [80 85 17 ] [86 91 9 ] [90 94 6 ] [88 97 3 ] [90 78 20 ] [96 92 0 ] [89 73 19 ] 
Individual lux values: 0.981903 0.997711 0.991089 0.97528 0.973022 0.991455 0.986969 0.998413 0.999084 0.90817 
Generation 83: Best fitness = 10220.4
Individual positions: [87 71 4 ] [93 86 5 ] [95 95 15 ] [80 85 17 ] [86 91 9 ] [90 94 6 ] [88 97 3 ] [90 78 20 ] [96 92 0 ] [89 73 19 ] 
Individual lux values: 0.981903 0.997711 0.991089 0.97528 0.973022 0.991455 0.986969 0.998413 0.999084 0.90817 
Generation 84: Best fitness = 10220.4
Individual positions: [87 71 4 ] [93 86 5 ] [95 95 15 ] [80 85 17 ] [86 91 9 ] [90 94 6 ] [88 97 3 ] [90 78 20 ] [96 92 0 ] [89 73 19 ] 
Individual lux values: 0.981903 0.997711 0.991089 0.977935 0.973022 0.991455 0.986969 0.998413 0.999084 0.90817 
Generation 85: Best fitness = 10220.4
Individual positions: [87 71 4 ] [93 86 5 ] [95 95 15 ] [80 85 17 ] [86 91 9 ] [90 94 6 ] [88 97 3 ] [90 78 20 ] [96 92 0 ] [89 73 19 ] 
Individual lux values: 0.981903 0.997711 0.991089 0.977935 0.973022 0.991455 0.986969 0.998413 0.999084 0.90817 
Generation 86: Best fitness = 10220.4
Individual positions: [87 71 4 ] [93 86 5 ] [95 95 15 ] [80 85 17 ] [86 91 9 ] [90 94 6 ] [88 97 3 ] [90 78 20 ] [96 92 0 ] [89 73 19 ] 
Individual lux values: 0.981903 0.997711 0.991089 0.977935 0.973022 0.991455 0.986969 0.998413 0.999084 0.90817 
Generation 87: Best fitness = 10220.4
Individual positions: [87 71 4 ] [93 86 5 ] [95 95 15 ] [80 85 17 ] [86 91 9 ] [90 94 6 ] [88 97 3 ] [90 78 20 ] [96 92 0 ] [89 73 19 ] 
Individual lux values: 0.981903 0.997711 0.991089 0.977935 0.973022 0.991455 0.986969 0.998413 0.999084 0.90817 
Generation 88: Best fitness = 10220.4
Individual positions: [87 71 4 ] [93 86 5 ] [95 95 15 ] [80 85 17 ] [86 91 9 ] [90 94 6 ] [88 97 3 ] [90 78 20 ] [96 92 0 ] [89 73 19 ] 
Individual lux values: 0.981903 0.997711 0.991089 0.977935 0.973022 0.991455 0.986969 0.998413 0.999084 0.90817 
Generation 89: Best fitness = 10220.4
Individual positions: [87 71 4 ] [93 86 5 ] [95 95 15 ] [80 85 17 ] [86 91 9 ] [90 94 6 ] [88 97 3 ] [90 78 20 ] [96 92 0 ] [89 73 19 ] 
Individual lux values: 0.981903 0.997711 0.991089 0.977935 0.973022 0.991455 0.986969 0.998413 0.999084 0.90817 
Generation 90: Best fitness = 10220.4
Individual positions: [87 71 4 ] [93 86 5 ] [95 95 15 ] [80 85 17 ] [86 91 9 ] [90 94 6 ] [88 97 3 ] [90 78 20 ] [96 92 0 ] [89 73 19 ] 
Individual lux values: 0.981903 0.997711 0.991089 0.977935 0.973022 0.991455 0.986969 0.998413 0.999084 0.90817 
Generation 91: Best fitness = 10220.4
Individual positions: [87 71 4 ] [93 86 5 ] [95 95 15 ] [80 85 17 ] [86 91 9 ] [90 94 6 ] [88 97 3 ] [90 78 20 ] [96 92 0 ] [89 73 19 ] 
Individual lux values: 0.981903 0.997711 0.991089 0.977935 0.973022 0.991455 0.986969 0.998413 0.999084 0.90817 
Generation 92: Best fitness = 10220.4
Individual positions: [87 71 4 ] [93 86 5 ] [95 95 15 ] [80 85 17 ] [86 91 9 ] [90 94 6 ] [88 97 3 ] [90 78 20 ] [96 92 0 ] [89 73 19 ] 
Individual lux values: 0.981903 0.997711 0.991089 0.977935 0.973022 0.991455 0.986969 0.998413 0.999084 0.90817 
Generation 93: Best fitness = 10057.2
Individual positions: [87 71 4 ] [93 86 5 ] [95 95 15 ] [81 92 17 ] [86 91 9 ] [90 94 6 ] [88 97 3 ] [90 78 20 ] [96 92 0 ] [89 73 19 ] 
Individual lux values: 0.981903 0.997711 0.991089 0.461684 0.973022 0.991455 0.493271 0.646199 0.411908 0.90817 
Generation 94: Best fitness = 10051.4
Individual positions: [87 71 4 ] [93 86 5 ] [95 95 15 ] [81 92 17 ] [86 91 9 ] [90 94 6 ] [88 97 3 ] [90 78 20 ] [96 92 0 ] [89 73 19 ] 
Individual lux values: 0.981903 0.997711 0.991089 0.977935 0.973022 0.991455 0.986969 0.998413 0.999084 0.90817 
Generation 95: Best fitness = 9705.81
Individual positions: [87 71 4 ] [93 86 5 ] [95 95 15 ] [80 85 17 ] [86 91 9 ] [90 94 6 ] [88 97 3 ] [81 82 14 ] [96 92 0 ] [89 73 19 ] 
Individual lux values: 0.981903 0.997711 0.991089 0.977935 0.996704 0.991455 0.986969 0.998413 0.999084 0.90817 
Generation 96: Best fitness = 9536.79
Individual positions: [87 71 4 ] [93 86 5 ] [95 95 15 ] [81 92 17 ] [86 91 9 ] [90 94 6 ] [88 97 3 ] [81 82 14 ] [96 92 0 ] [89 73 19 ] 
Individual lux values: 0.981903 0.997711 0.991089 0.977935 0.996704 0.991455 0.986969 0.998413 0.999084 0.90817 
Generation 97: Best fitness = 9536.79
Individual positions: [87 71 4 ] [93 86 5 ] [95 95 15 ] [81 92 17 ] [86 91 9 ] [90 94 6 ] [88 97 3 ] [81 82 14 ] [96 92 0 ] [89 73 19 ] 
Individual lux values: 0.981903 0.997711 0.991089 0.977935 0.996704 0.991455 0.986969 0.998413 0.999084 0.90817 
Generation 98: Best fitness = 9536.79
Individual positions: [87 71 4 ] [93 86 5 ] [95 95 15 ] [81 92 17 ] [86 91 9 ] [90 94 6 ] [88 97 3 ] [81 82 14 ] [96 92 0 ] [89 73 19 ] 
Individual lux values: 0.981903 0.997711 0.991089 0.977935 0.996704 0.991455 0.986969 0.998413 0.999084 0.90817 
Generation 99: Best fitness = 9536.79
Individual positions: [87 71 4 ] [93 86 5 ] [95 95 15 ] [81 92 17 ] [86 91 9 ] [90 94 6 ] [88 97 3 ] [81 82 14 ] [96 92 0 ] [89 73 19 ] 
Individual lux values: 0.981903 0.997711 0.991089 0.977935 0.996704 0.991455 0.986969 0.998413 0.999084 0.90817 
Generation 100: Best fitness = 9536.79
Individual positions: [87 71 4 ] [93 86 5 ] [95 95 15 ] [81 92 17 ] [86 91 9 ] [90 94 6 ] [88 97 3 ] [81 82 14 ] [96 92 0 ] [89 73 19 ] 
Individual lux values: 0.981903 0.997711 0.991089 0.977935 0.996704 0.991455 0.986969 0.998413 0.999084 0.90817 
Generation 101: Best fitness = 9536.79
Individual positions: [87 71 4 ] [93 86 5 ] [95 95 15 ] [81 92 17 ] [86 91 9 ] [90 94 6 ] [88 97 3 ] [81 82 14 ] [96 92 0 ] [89 73 19 ] 
Individual lux values: 0.981903 0.997711 0.991089 0.977935 0.996704 0.991455 0.986969 0.998413 0.999084 0.90817 
Generation 102: Best fitness = 8959.95
Individual positions: [87 71 4 ] [93 86 5 ] [95 95 15 ] [81 92 17 ] [86 91 9 ] [90 94 6 ] [88 97 3 ] [88 83 13 ] [96 92 0 ] [89 73 19 ] 
Individual lux values: 0.981903 0.997711 0.991089 0.977935 0.996704 0.991455 0.986969 0.998413 0.999084 0.90817 
Generation 103: Best fitness = 8959.95
Individual positions: [87 71 4 ] [93 86 5 ] [95 95 15 ] [81 92 17 ] [86 91 9 ] [90 94 6 ] [88 97 3 ] [88 83 13 ] [96 92 0 ] [89 73 19 ] 
Individual lux values: 0.981903 0.997711 0.991089 0.977935 0.996704 0.991455 0.986969 0.998413 0.999084 0.90817 
Generation 104: Best fitness = 8959.95
Individual positions: [87 71 4 ] [93 86 5 ] [95 95 15 ] [81 92 17 ] [86 91 9 ] [90 94 6 ] [88 97 3 ] [88 83 13 ] [96 92 0 ] [89 73 19 ] 
Individual lux values: 0.981903 0.997711 0.991089 0.977935 0.996704 0.991455 0.986969 0.998413 0.999084 0.90817 
Generation 105: Best fitness = 8959.95
Individual positions: [87 71 4 ] [93 86 5 ] [95 95 15 ] [81 92 17 ] [86 91 9 ] [90 94 6 ] [88 97 3 ] [88 83 13 ] [96 92 0 ] [89 73 19 ] 
Individual lux values: 0.981903 0.997711 0.991089 0.977935 0.996704 0.991455 0.986969 0.998413 0.999084 0.90817 
Generation 106: Best fitness = 8959.95
Individual positions: [87 71 4 ] [93 86 5 ] [95 95 15 ] [81 92 17 ] [86 91 9 ] [90 94 6 ] [88 97 3 ] [88 83 13 ] [96 92 0 ] [89 73 19 ] 
Individual lux values: 0.981903 0.997711 0.991089 0.977935 0.996704 0.991455 0.986969 0.998413 0.999084 0.90817 
Generation 107: Best fitness = 8959.95
Individual positions: [87 71 4 ] [93 86 5 ] [95 95 15 ] [81 92 17 ] [86 91 9 ] [90 94 6 ] [88 97 3 ] [88 83 13 ] [96 92 0 ] [89 73 19 ] 
Individual lux values: 0.981903 0.997711 0.991089 0.977935 0.996704 0.991455 0.986969 0.998413 0.999084 0.90817 
Generation 108: Best fitness = 8959.95
Individual positions: [87 71 4 ] [93 86 5 ] [95 95 15 ] [81 92 17 ] [86 91 9 ] [90 94 6 ] [88 97 3 ] [88 83 13 ] [96 92 0 ] [89 73 19 ] 
Individual lux values: 0.981903 0.997711 0.991089 0.977935 0.996704 0.991455 0.986969 0.998413 0.999084 0.90817 
Generation 109: Best fitness = 8959.95
Individual positions: [87 71 4 ] [93 86 5 ] [95 95 15 ] [81 92 17 ] [86 91 9 ] [90 94 6 ] [88 97 3 ] [88 83 13 ] [96 92 0 ] [89 73 19 ] 
Individual lux values: 0.981903 0.997711 0.991089 0.977935 0.996704 0.991455 0.986969 0.998413 0.999084 0.90817 
Generation 110: Best fitness = 8959.95
Individual positions: [87 71 4 ] [93 86 5 ] [95 95 15 ] [81 92 17 ] [86 91 9 ] [90 94 6 ] [88 97 3 ] [88 83 13 ] [96 92 0 ] [89 73 19 ] 
Individual lux values: 0.981903 0.997711 0.991089 0.977935 0.996704 0.991455 0.986969 0.998413 0.999084 0.90817 
Generation 111: Best fitness = 8679.35
Individual positions: [87 71 4 ] [93 86 5 ] [95 95 15 ] [81 92 17 ] [86 91 9 ] [90 94 6 ] [88 97 3 ] [95 83 5 ] [96 92 0 ] [89 73 19 ] 
Individual lux values: 0.981903 0.997711 0.991089 0.977935 0.996704 0.991455 0.107395 0.998413 0.999084 0.90817 
Generation 112: Best fitness = 8676.71
Individual positions: [87 71 4 ] [93 86 5 ] [95 95 15 ] [81 92 17 ] [86 91 9 ] [90 94 6 ] [88 97 3 ] [95 83 5 ] [96 92 0 ] [89 73 19 ] 
Individual lux values: 0.981903 0.997711 0.991089 0.977935 0.996704 0.991455 0.986969 0.998413 0.999084 0.90817 
Generation 113: Best fitness = 8676.71
Individual positions: [87 71 4 ] [93 86 5 ] [95 95 15 ] [81 92 17 ] [86 91 9 ] [90 94 6 ] [88 97 3 ] [95 83 5 ] [96 92 0 ] [89 73 19 ] 
Individual lux values: 0.981903 0.997711 0.991089 0.977935 0.996704 0.991455 0.986969 0.998413 0.999084 0.90817 
Generation 114: Best fitness = 8676.71
Individual positions: [87 71 4 ] [93 86 5 ] [95 95 15 ] [81 92 17 ] [86 91 9 ] [90 94 6 ] [88 97 3 ] [95 83 5 ] [96 92 0 ] [89 73 19 ] 
Individual lux values: 0.981903 0.997711 0.991089 0.977935 0.996704 0.991455 0.986969 0.998413 0.999084 0.90817 
Generation 115: Best fitness = 8676.71
Individual positions: [87 71 4 ] [93 86 5 ] [95 95 15 ] [81 92 17 ] [86 91 9 ] [90 94 6 ] [88 97 3 ] [95 83 5 ] [96 92 0 ] [89 73 19 ] 
Individual lux values: 0.981903 0.997711 0.991089 0.977935 0.996704 0.991455 0.986969 0.998413 0.999084 0.90817 
Generation 116: Best fitness = 8676.71
Individual positions: [87 71 4 ] [93 86 5 ] [95 95 15 ] [81 92 17 ] [86 91 9 ] [90 94 6 ] [88 97 3 ] [95 83 5 ] [96 92 0 ] [89 73 19 ] 
Individual lux values: 0.981903 0.997711 0.991089 0.977935 0.996704 0.991455 0.986969 0.998413 0.999084 0.90817 
Generation 117: Best fitness = 8457.56
Individual positions: [83 74 5 ] [93 86 5 ] [95 95 15 ] [81 92 17 ] [86 91 9 ] [90 94 6 ] [88 97 3 ] [95 83 5 ] [96 92 0 ] [89 73 19 ] 
Individual lux values: 0.981903 0.0737938 0.518693 0.11182 0.796381 0.108158 0.304636 0.135716 0.433271 0.90817 
Generation 118: Best fitness = 8457.56
Individual positions: [83 74 5 ] [93 86 5 ] [95 95 15 ] [81 92 17 ] [86 91 9 ] [90 94 6 ] [88 97 3 ] [95 83 5 ] [96 92 0 ] [89 73 19 ] 
Individual lux values: 0.981903 0.0737938 0.518693 0.11182 0.796381 0.108158 0.304636 0.135716 0.433271 0.90817 
Generation 119: Best fitness = 8441.19
Individual positions: [83 74 5 ] [93 86 5 ] [95 95 15 ] [81 92 17 ] [86 91 9 ] [90 94 6 ] [88 97 3 ] [95 83 5 ] [96 92 0 ] [89 73 19 ] 
Individual lux values: 0.981903 0.997711 0.991089 0.977935 0.996704 0.991455 0.986969 0.998413 0.999084 0.90817 
Generation 120: Best fitness = 8441.19
Individual positions: [83 74 5 ] [93 86 5 ] [95 95 15 ] [81 92 17 ] [86 91 9 ] [90 94 6 ] [88 97 3 ] [95 83 5 ] [96 92 0 ] [89 73 19 ] 
Individual lux values: 0.981903 0.997711 0.991089 0.977935 0.996704 0.991455 0.986969 0.998413 0.999084 0.90817 
Generation 121: Best fitness = 8441.19
Individual positions: [83 74 5 ] [93 86 5 ] [95 95 15 ] [81 92 17 ] [86 91 9 ] [90 94 6 ] [88 97 3 ] [95 83 5 ] [96 92 0 ] [89 73 19 ] 
Individual lux values: 0.981903 0.997711 0.991089 0.977935 0.996704 0.991455 0.986969 0.998413 0.999084 0.90817 
Generation 122: Best fitness = 8388.4
Individual positions: [99 74 6 ] [93 86 5 ] [95 95 15 ] [81 92 17 ] [86 91 9 ] [90 94 6 ] [88 97 3 ] [95 83 5 ] [96 92 0 ] [89 73 19 ] 
Individual lux values: 0.604236 0.999237 0.991089 0.847835 0.714286 0.50441 0.986969 0.998413 0.999084 0.90817 
Generation 123: Best fitness = 8384.57
Individual positions: [99 74 6 ] [93 86 5 ] [95 95 15 ] [81 92 17 ] [86 91 9 ] [90 94 6 ] [88 97 3 ] [95 83 5 ] [96 92 0 ] [89 73 19 ] 
Individual lux values: 0.981903 0.997711 0.991089 0.977935 0.996704 0.991455 0.986969 0.998413 0.999084 0.90817 
Generation 124: Best fitness = 8384.57
Individual positions: [99 74 6 ] [93 86 5 ] [95 95 15 ] [81 92 17 ] [86 91 9 ] [90 94 6 ] [88 97 3 ] [95 83 5 ] [96 92 0 ] [89 73 19 ] 
Individual lux values: 0.981903 0.997711 0.991089 0.977935 0.996704 0.991455 0.986969 0.998413 0.999084 0.90817 
Generation 125: Best fitness = 8384.57
Individual positions: [99 74 6 ] [93 86 5 ] [95 95 15 ] [81 92 17 ] [86 91 9 ] [90 94 6 ] [88 97 3 ] [95 83 5 ] [96 92 0 ] [89 73 19 ] 
Individual lux values: 0.981903 0.999237 0.991089 0.977935 0.996704 0.991455 0.986969 0.998413 0.999084 0.90817 
Generation 126: Best fitness = 8384.57
Individual positions: [99 74 6 ] [93 86 5 ] [95 95 15 ] [81 92 17 ] [86 91 9 ] [90 94 6 ] [88 97 3 ] [95 83 5 ] [96 92 0 ] [89 73 19 ] 
Individual lux values: 0.981903 0.999237 0.991089 0.977935 0.996704 0.991455 0.986969 0.998413 0.999084 0.90817 
Generation 127: Best fitness = 8384.57
Individual positions: [99 74 6 ] [93 86 5 ] [95 95 15 ] [81 92 17 ] [86 91 9 ] [90 94 6 ] [88 97 3 ] [95 83 5 ] [96 92 0 ] [89 73 19 ] 
Individual lux values: 0.981903 0.999237 0.991089 0.977935 0.996704 0.991455 0.986969 0.998413 0.999084 0.90817 
Generation 128: Best fitness = 8384.57
Individual positions: [99 74 6 ] [93 86 5 ] [95 95 15 ] [81 92 17 ] [86 91 9 ] [90 94 6 ] [88 97 3 ] [95 83 5 ] [96 92 0 ] [89 73 19 ] 
Individual lux values: 0.981903 0.999237 0.991089 0.977935 0.996704 0.991455 0.986969 0.998413 0.999084 0.90817 
Generation 129: Best fitness = 8384.57
Individual positions: [99 74 6 ] [93 86 5 ] [95 95 15 ] [81 92 17 ] [86 91 9 ] [90 94 6 ] [88 97 3 ] [95 83 5 ] [96 92 0 ] [89 73 19 ] 
Individual lux values: 0.981903 0.999237 0.991089 0.977935 0.996704 0.991455 0.986969 0.998413 0.999084 0.90817 
Generation 130: Best fitness = 8384.57
Individual positions: [99 74 6 ] [93 86 5 ] [95 95 15 ] [81 92 17 ] [86 91 9 ] [90 94 6 ] [88 97 3 ] [95 83 5 ] [96 92 0 ] [89 73 19 ] 
Individual lux values: 0.981903 0.999237 0.991089 0.977935 0.996704 0.991455 0.986969 0.998413 0.999084 0.90817 
Generation 131: Best fitness = 8384.57
Individual positions: [99 74 6 ] [93 86 5 ] [95 95 15 ] [81 92 17 ] [86 91 9 ] [90 94 6 ] [88 97 3 ] [95 83 5 ] [96 92 0 ] [89 73 19 ] 
Individual lux values: 0.981903 0.999237 0.991089 0.977935 0.996704 0.991455 0.986969 0.998413 0.999084 0.90817 
Generation 132: Best fitness = 8384.57
Individual positions: [99 74 6 ] [93 86 5 ] [95 95 15 ] [81 92 17 ] [86 91 9 ] [90 94 6 ] [88 97 3 ] [95 83 5 ] [96 92 0 ] [89 73 19 ] 
Individual lux values: 0.981903 0.999237 0.991089 0.977935 0.996704 0.991455 0.986969 0.998413 0.999084 0.90817 
Generation 133: Best fitness = 8384.57
Individual positions: [99 74 6 ] [93 86 5 ] [95 95 15 ] [81 92 17 ] [86 91 9 ] [90 94 6 ] [88 97 3 ] [95 83 5 ] [96 92 0 ] [89 73 19 ] 
Individual lux values: 0.981903 0.999237 0.991089 0.977935 0.996704 0.991455 0.986969 0.998413 0.999084 0.90817 
Generation 134: Best fitness = 8384.57
Individual positions: [99 74 6 ] [93 86 5 ] [95 95 15 ] [81 92 17 ] [86 91 9 ] [90 94 6 ] [88 97 3 ] [95 83 5 ] [96 92 0 ] [89 73 19 ] 
Individual lux values: 0.981903 0.999237 0.991089 0.977935 0.996704 0.991455 0.986969 0.998413 0.999084 0.90817 
Generation 135: Best fitness = 8384.57
Individual positions: [99 74 6 ] [93 86 5 ] [95 95 15 ] [81 92 17 ] [86 91 9 ] [90 94 6 ] [88 97 3 ] [95 83 5 ] [96 92 0 ] [89 73 19 ] 
Individual lux values: 0.981903 0.999237 0.991089 0.977935 0.996704 0.991455 0.986969 0.998413 0.999084 0.90817 
Generation 136: Best fitness = 8384.57
Individual positions: [99 74 6 ] [93 86 5 ] [95 95 15 ] [81 92 17 ] [86 91 9 ] [90 94 6 ] [88 97 3 ] [95 83 5 ] [96 92 0 ] [89 73 19 ] 
Individual lux values: 0.981903 0.999237 0.991089 0.977935 0.996704 0.991455 0.986969 0.998413 0.999084 0.90817 
Generation 137: Best fitness = 8384.57
Individual positions: [99 74 6 ] [93 86 5 ] [95 95 15 ] [81 92 17 ] [86 91 9 ] [90 94 6 ] [88 97 3 ] [95 83 5 ] [96 92 0 ] [89 73 19 ] 
Individual lux values: 0.981903 0.999237 0.991089 0.977935 0.996704 0.991455 0.986969 0.998413 0.999084 0.90817 
Generation 138: Best fitness = 8384.57
Individual positions: [99 74 6 ] [93 86 5 ] [95 95 15 ] [81 92 17 ] [86 91 9 ] [90 94 6 ] [88 97 3 ] [95 83 5 ] [96 92 0 ] [89 73 19 ] 
Individual lux values: 0.981903 0.999237 0.991089 0.977935 0.996704 0.991455 0.986969 0.998413 0.999084 0.90817 
Generation 139: Best fitness = 8384.57
Individual positions: [99 74 6 ] [93 86 5 ] [95 95 15 ] [81 92 17 ] [86 91 9 ] [90 94 6 ] [88 97 3 ] [95 83 5 ] [96 92 0 ] [89 73 19 ] 
Individual lux values: 0.981903 0.999237 0.991089 0.977935 0.996704 0.991455 0.986969 0.998413 0.999084 0.90817 
Generation 140: Best fitness = 8384.57
Individual positions: [99 74 6 ] [93 86 5 ] [95 95 15 ] [81 92 17 ] [86 91 9 ] [90 94 6 ] [88 97 3 ] [95 83 5 ] [96 92 0 ] [89 73 19 ] 
Individual lux values: 0.981903 0.999237 0.991089 0.977935 0.996704 0.991455 0.986969 0.998413 0.999084 0.90817 
Generation 141: Best fitness = 7975.98
Individual positions: [99 74 6 ] [89 96 8 ] [90 88 7 ] [81 92 17 ] [86 91 9 ] [90 94 6 ] [88 97 3 ] [95 83 5 ] [96 92 0 ] [89 73 19 ] 
Individual lux values: 0.981903 0.140721 0.465651 0.222114 0.428419 0.874172 0.36787 0.998413 0.999084 0.90817 
Generation 142: Best fitness = 7975.98
Individual positions: [99 74 6 ] [89 96 8 ] [90 88 7 ] [81 92 17 ] [86 91 9 ] [90 94 6 ] [88 97 3 ] [95 83 5 ] [96 92 0 ] [89 73 19 ] 
Individual lux values: 0.981903 0.140721 0.465651 0.222114 0.428419 0.874172 0.36787 0.998413 0.999084 0.90817 
Generation 143: Best fitness = 7785.87
Individual positions: [99 74 6 ] [93 86 5 ] [90 88 7 ] [81 92 17 ] [86 91 9 ] [90 94 6 ] [88 97 3 ] [95 83 5 ] [96 92 0 ] [89 73 19 ] 
Individual lux values: 0.981903 0.999237 0.991089 0.977935 0.996704 0.991455 0.986969 0.998413 0.999084 0.90817 
Generation 144: Best fitness = 7785.87
Individual positions: [99 74 6 ] [93 86 5 ] [90 88 7 ] [81 92 17 ] [86 91 9 ] [90 94 6 ] [88 97 3 ] [95 83 5 ] [96 92 0 ] [89 73 19 ] 
Individual lux values: 0.981903 0.999237 0.991089 0.977935 0.996704 0.991455 0.986969 0.998413 0.999084 0.90817 
Generation 145: Best fitness = 7785.87
Individual positions: [99 74 6 ] [93 86 5 ] [90 88 7 ] [81 92 17 ] [86 91 9 ] [90 94 6 ] [88 97 3 ] [95 83 5 ] [96 92 0 ] [89 73 19 ] 
Individual lux values: 0.981903 0.999237 0.991089 0.977935 0.996704 0.991455 0.986969 0.998413 0.999084 0.90817 
Generation 146: Best fitness = 7785.87
Individual positions: [99 74 6 ] [93 86 5 ] [90 88 7 ] [81 92 17 ] [86 91 9 ] [90 94 6 ] [88 97 3 ] [95 83 5 ] [96 92 0 ] [89 73 19 ] 
Individual lux values: 0.981903 0.999237 0.991089 0.977935 0.996704 0.991455 0.986969 0.998413 0.999084 0.90817 
Generation 147: Best fitness = 7785.86
Individual positions: [99 74 6 ] [93 86 5 ] [90 88 7 ] [81 92 17 ] [86 91 9 ] [90 94 6 ] [88 97 3 ] [95 83 5 ] [96 92 0 ] [89 73 19 ] 
Individual lux values: 0.981903 0.999237 0.991089 0.981109 0.996704 0.991455 0.986969 0.998413 0.999084 0.90817 
Generation 148: Best fitness = 7785.86
Individual positions: [99 74 6 ] [93 86 5 ] [90 88 7 ] [81 92 17 ] [86 91 9 ] [90 94 6 ] [88 97 3 ] [95 83 5 ] [96 92 0 ] [89 73 19 ] 
Individual lux values: 0.981903 0.999237 0.991089 0.981109 0.996704 0.991455 0.986969 0.998413 0.999084 0.90817 
Generation 149: Best fitness = 7785.86
Individual positions: [99 74 6 ] [93 86 5 ] [90 88 7 ] [81 92 17 ] [86 91 9 ] [90 94 6 ] [88 97 3 ] [95 83 5 ] [96 92 0 ] [89 73 19 ] 
Individual lux values: 0.981903 0.999237 0.991089 0.981109 0.996704 0.991455 0.986969 0.998413 0.999084 0.90817 
Generation 150: Best fitness = 7785.86
Individual positions: [99 74 6 ] [93 86 5 ] [90 88 7 ] [81 92 17 ] [86 91 9 ] [90 94 6 ] [88 97 3 ] [95 83 5 ] [96 92 0 ] [89 73 19 ] 
Individual lux values: 0.981903 0.999237 0.991089 0.981109 0.996704 0.991455 0.986969 0.998413 0.999084 0.90817 
Generation 151: Best fitness = 7785.86
Individual positions: [99 74 6 ] [93 86 5 ] [90 88 7 ] [81 92 17 ] [86 91 9 ] [90 94 6 ] [88 97 3 ] [95 83 5 ] [96 92 0 ] [89 73 19 ] 
Individual lux values: 0.981903 0.999237 0.991089 0.981109 0.996704 0.991455 0.986969 0.998413 0.999084 0.90817 
Generation 152: Best fitness = 7785.86
Individual positions: [99 74 6 ] [93 86 5 ] [90 88 7 ] [81 92 17 ] [86 91 9 ] [90 94 6 ] [88 97 3 ] [95 83 5 ] [96 92 0 ] [89 73 19 ] 
Individual lux values: 0.981903 0.999237 0.991089 0.981109 0.996704 0.991455 0.986969 0.998413 0.999084 0.90817 
Generation 153: Best fitness = 7785.86
Individual positions: [99 74 6 ] [93 86 5 ] [90 88 7 ] [81 92 17 ] [86 91 9 ] [90 94 6 ] [88 97 3 ] [95 83 5 ] [96 92 0 ] [89 73 19 ] 
Individual lux values: 0.981903 0.999237 0.991089 0.981109 0.996704 0.991455 0.986969 0.998413 0.999084 0.90817 
Generation 154: Best fitness = 7785.86
Individual positions: [99 74 6 ] [93 86 5 ] [90 88 7 ] [81 92 17 ] [86 91 9 ] [90 94 6 ] [88 97 3 ] [95 83 5 ] [96 92 0 ] [89 73 19 ] 
Individual lux values: 0.981903 0.999237 0.991089 0.981109 0.996704 0.991455 0.986969 0.998413 0.999084 0.90817 
Generation 155: Best fitness = 7785.86
Individual positions: [99 74 6 ] [93 86 5 ] [90 88 7 ] [81 92 17 ] [86 91 9 ] [90 94 6 ] [88 97 3 ] [95 83 5 ] [96 92 0 ] [89 73 19 ] 
Individual lux values: 0.981903 0.999237 0.991089 0.981109 0.996704 0.991455 0.986969 0.998413 0.999084 0.90817 
Generation 156: Best fitness = 7785.86
Individual positions: [99 74 6 ] [93 86 5 ] [90 88 7 ] [81 92 17 ] [86 91 9 ] [90 94 6 ] [88 97 3 ] [95 83 5 ] [96 92 0 ] [89 73 19 ] 
Individual lux values: 0.981903 0.999237 0.991089 0.981109 0.996704 0.991455 0.986969 0.998413 0.999084 0.90817 
Generation 157: Best fitness = 7785.86
Individual positions: [99 74 6 ] [93 86 5 ] [90 88 7 ] [81 92 17 ] [86 91 9 ] [90 94 6 ] [88 97 3 ] [95 83 5 ] [96 92 0 ] [89 73 19 ] 
Individual lux values: 0.981903 0.999237 0.991089 0.981109 0.996704 0.991455 0.986969 0.998413 0.999084 0.90817 
Generation 158: Best fitness = 7785.86
Individual positions: [99 74 6 ] [93 86 5 ] [90 88 7 ] [81 92 17 ] [86 91 9 ] [90 94 6 ] [88 97 3 ] [95 83 5 ] [96 92 0 ] [89 73 19 ] 
Individual lux values: 0.981903 0.999237 0.991089 0.981109 0.996704 0.991455 0.986969 0.998413 0.999084 0.90817 
Generation 159: Best fitness = 7785.86
Individual positions: [99 74 6 ] [93 86 5 ] [90 88 7 ] [81 92 17 ] [86 91 9 ] [90 94 6 ] [88 97 3 ] [95 83 5 ] [96 92 0 ] [89 73 19 ] 
Individual lux values: 0.981903 0.999237 0.991089 0.981109 0.996704 0.991455 0.986969 0.998413 0.999084 0.90817 
Generation 160: Best fitness = 7785.86
Individual positions: [99 74 6 ] [93 86 5 ] [90 88 7 ] [81 92 17 ] [86 91 9 ] [90 94 6 ] [88 97 3 ] [95 83 5 ] [96 92 0 ] [89 73 19 ] 
Individual lux values: 0.981903 0.999237 0.991089 0.981109 0.996704 0.991455 0.986969 0.998413 0.999084 0.90817 
Generation 161: Best fitness = 6696.24
Individual positions: [99 74 6 ] [93 86 5 ] [90 88 7 ] [90 86 6 ] [86 91 9 ] [90 94 6 ] [88 97 3 ] [95 83 5 ] [96 92 0 ] [89 73 19 ] 
Individual lux values: 0.981903 0.999237 0.991089 0.981109 0.996704 0.938719 0.986969 0.998413 0.999084 0.90817 
Generation 162: Best fitness = 6696.24
Individual positions: [99 74 6 ] [93 86 5 ] [90 88 7 ] [90 86 6 ] [86 91 9 ] [90 94 6 ] [88 97 3 ] [95 83 5 ] [96 92 0 ] [89 73 19 ] 
Individual lux values: 0.981903 0.999237 0.991089 0.981109 0.996704 0.938719 0.986969 0.998413 0.999084 0.90817 
Generation 163: Best fitness = 6696.08
Individual positions: [99 74 6 ] [93 86 5 ] [90 88 7 ] [90 86 6 ] [86 91 9 ] [90 94 6 ] [88 97 3 ] [95 83 5 ] [96 92 0 ] [89 73 19 ] 
Individual lux values: 0.981903 0.999237 0.991089 0.981109 0.996704 0.991455 0.986969 0.998413 0.999084 0.90817 
Generation 164: Best fitness = 6696.08
Individual positions: [99 74 6 ] [93 86 5 ] [90 88 7 ] [90 86 6 ] [86 91 9 ] [90 94 6 ] [88 97 3 ] [95 83 5 ] [96 92 0 ] [89 73 19 ] 
Individual lux values: 0.981903 0.999237 0.991089 0.981109 0.996704 0.991455 0.986969 0.998413 0.999084 0.90817 
Generation 165: Best fitness = 6696.08
Individual positions: [99 74 6 ] [93 86 5 ] [90 88 7 ] [90 86 6 ] [86 91 9 ] [90 94 6 ] [88 97 3 ] [95 83 5 ] [96 92 0 ] [89 73 19 ] 
Individual lux values: 0.981903 0.999237 0.991089 0.981109 0.996704 0.991455 0.986969 0.998413 0.999084 0.90817 
Generation 166: Best fitness = 6696.08
Individual positions: [99 74 6 ] [93 86 5 ] [90 88 7 ] [90 86 6 ] [86 91 9 ] [90 94 6 ] [88 97 3 ] [95 83 5 ] [96 92 0 ] [89 73 19 ] 
Individual lux values: 0.981903 0.999237 0.991089 0.981109 0.996704 0.991455 0.986969 0.998413 0.999084 0.90817 
Generation 167: Best fitness = 6696.08
Individual positions: [99 74 6 ] [93 86 5 ] [90 88 7 ] [90 86 6 ] [86 91 9 ] [90 94 6 ] [88 97 3 ] [95 83 5 ] [96 92 0 ] [89 73 19 ] 
Individual lux values: 0.981903 0.999237 0.991089 0.981109 0.996704 0.991455 0.986969 0.998413 0.999084 0.90817 
Generation 168: Best fitness = 6696.08
Individual positions: [99 74 6 ] [93 86 5 ] [90 88 7 ] [90 86 6 ] [86 91 9 ] [90 94 6 ] [88 97 3 ] [95 83 5 ] [96 92 0 ] [89 73 19 ] 
Individual lux values: 0.981903 0.999237 0.991089 0.981109 0.996704 0.991455 0.986969 0.998413 0.999084 0.90817 
Generation 169: Best fitness = 6696.08
Individual positions: [99 74 6 ] [93 86 5 ] [90 88 7 ] [90 86 6 ] [86 91 9 ] [90 94 6 ] [88 97 3 ] [95 83 5 ] [96 92 0 ] [89 73 19 ] 
Individual lux values: 0.981903 0.999237 0.991089 0.981109 0.996704 0.991455 0.986969 0.998413 0.999084 0.90817 
Generation 170: Best fitness = 6696.08
Individual positions: [99 74 6 ] [93 86 5 ] [90 88 7 ] [90 86 6 ] [86 91 9 ] [90 94 6 ] [88 97 3 ] [95 83 5 ] [96 92 0 ] [89 73 19 ] 
Individual lux values: 0.981903 0.999237 0.991089 0.981109 0.996704 0.991455 0.986969 0.998413 0.999084 0.90817 
Generation 171: Best fitness = 6696.08
Individual positions: [99 74 6 ] [93 86 5 ] [90 88 7 ] [90 86 6 ] [86 91 9 ] [90 94 6 ] [88 97 3 ] [95 83 5 ] [96 92 0 ] [89 73 19 ] 
Individual lux values: 0.981903 0.999237 0.991089 0.981109 0.996704 0.991455 0.986969 0.998413 0.999084 0.90817 
Generation 172: Best fitness = 6696.08
Individual positions: [99 74 6 ] [93 86 5 ] [90 88 7 ] [90 86 6 ] [86 91 9 ] [90 94 6 ] [88 97 3 ] [95 83 5 ] [96 92 0 ] [89 73 19 ] 
Individual lux values: 0.981903 0.999237 0.991089 0.981109 0.996704 0.991455 0.986969 0.998413 0.999084 0.90817 
Generation 173: Best fitness = 6696.07
Individual positions: [99 74 6 ] [93 86 5 ] [90 88 7 ] [90 86 6 ] [86 91 9 ] [90 94 6 ] [88 97 3 ] [95 83 5 ] [96 92 0 ] [89 73 19 ] 
Individual lux values: 0.981903 0.999237 0.991089 0.984588 0.996704 0.991455 0.986969 0.998413 0.999084 0.90817 
Generation 174: Best fitness = 6696.07
Individual positions: [99 74 6 ] [93 86 5 ] [90 88 7 ] [90 86 6 ] [86 91 9 ] [90 94 6 ] [88 97 3 ] [95 83 5 ] [96 92 0 ] [89 73 19 ] 
Individual lux values: 0.981903 0.999237 0.991089 0.984588 0.996704 0.991455 0.986969 0.998413 0.999084 0.90817 
Generation 175: Best fitness = 6696.07
Individual positions: [99 74 6 ] [93 86 5 ] [90 88 7 ] [90 86 6 ] [86 91 9 ] [90 94 6 ] [88 97 3 ] [95 83 5 ] [96 92 0 ] [89 73 19 ] 
Individual lux values: 0.981903 0.999237 0.991089 0.984588 0.996704 0.991455 0.986969 0.998413 0.999084 0.90817 
Generation 176: Best fitness = 6696.07
Individual positions: [99 74 6 ] [93 86 5 ] [90 88 7 ] [90 86 6 ] [86 91 9 ] [90 94 6 ] [88 97 3 ] [95 83 5 ] [96 92 0 ] [89 73 19 ] 
Individual lux values: 0.981903 0.999237 0.991089 0.984588 0.996704 0.991455 0.986969 0.998413 0.999084 0.90817 
Generation 177: Best fitness = 6575.4
Individual positions: [99 74 6 ] [93 86 5 ] [90 88 7 ] [90 86 6 ] [86 91 9 ] [90 94 6 ] [88 97 3 ] [89 85 6 ] [96 92 0 ] [89 73 19 ] 
Individual lux values: 0.611438 0.999237 0.327128 0.210822 0.433943 0.991455 0.986969 0.998413 0.999084 0.90817 
Generation 178: Best fitness = 6568.29
Individual positions: [99 74 6 ] [93 86 5 ] [90 88 7 ] [90 86 6 ] [86 91 9 ] [90 94 6 ] [88 97 3 ] [89 85 6 ] [96 92 0 ] [89 73 19 ] 
Individual lux values: 0.981903 0.999237 0.991089 0.984588 0.996704 0.991455 0.986969 0.998413 0.999084 0.90817 
Generation 179: Best fitness = 6568.29
Individual positions: [99 74 6 ] [93 86 5 ] [90 88 7 ] [90 86 6 ] [86 91 9 ] [90 94 6 ] [88 97 3 ] [89 85 6 ] [96 92 0 ] [89 73 19 ] 
Individual lux values: 0.981903 0.999237 0.991089 0.984588 0.996704 0.991455 0.986969 0.998413 0.999084 0.90817 
Generation 180: Best fitness = 6568.29
Individual positions: [99 74 6 ] [93 86 5 ] [90 88 7 ] [90 86 6 ] [86 91 9 ] [90 94 6 ] [88 97 3 ] [89 85 6 ] [96 92 0 ] [89 73 19 ] 
Individual lux values: 0.981903 0.999237 0.991089 0.984588 0.996704 0.991455 0.986969 0.998413 0.999084 0.90817 
Generation 181: Best fitness = 6568.29
Individual positions: [99 74 6 ] [93 86 5 ] [90 88 7 ] [90 86 6 ] [86 91 9 ] [90 94 6 ] [88 97 3 ] [89 85 6 ] [96 92 0 ] [89 73 19 ] 
Individual lux values: 0.981903 0.999237 0.991089 0.984588 0.996704 0.991455 0.986969 0.998413 0.999084 0.90817 
Generation 182: Best fitness = 6568.29
Individual positions: [99 74 6 ] [93 86 5 ] [90 88 7 ] [90 86 6 ] [86 91 9 ] [90 94 6 ] [88 97 3 ] [89 85 6 ] [96 92 0 ] [89 73 19 ] 
Individual lux values: 0.981903 0.999237 0.991089 0.984588 0.996704 0.991455 0.986969 0.998413 0.999084 0.90817 
Generation 183: Best fitness = 6568.29
Individual positions: [99 74 6 ] [93 86 5 ] [90 88 7 ] [90 86 6 ] [86 91 9 ] [90 94 6 ] [88 97 3 ] [89 85 6 ] [96 92 0 ] [89 73 19 ] 
Individual lux values: 0.981903 0.999237 0.991089 0.984588 0.996704 0.991455 0.986969 0.998413 0.999084 0.90817 
Generation 184: Best fitness = 6568.29
Individual positions: [99 74 6 ] [93 86 5 ] [90 88 7 ] [90 86 6 ] [86 91 9 ] [90 94 6 ] [88 97 3 ] [89 85 6 ] [96 92 0 ] [89 73 19 ] 
Individual lux values: 0.981903 0.999237 0.991089 0.984588 0.996704 0.991455 0.986969 0.998413 0.999084 0.90817 
Generation 185: Best fitness = 6568.29
Individual positions: [99 74 6 ] [93 86 5 ] [90 88 7 ] [90 86 6 ] [86 91 9 ] [90 94 6 ] [88 97 3 ] [89 85 6 ] [96 92 0 ] [89 73 19 ] 
Individual lux values: 0.981903 0.999237 0.991089 0.984588 0.996704 0.991455 0.986969 0.998413 0.999084 0.90817 
Generation 186: Best fitness = 6568.29
Individual positions: [99 74 6 ] [93 86 5 ] [90 88 7 ] [90 86 6 ] [86 91 9 ] [90 94 6 ] [88 97 3 ] [89 85 6 ] [96 92 0 ] [89 73 19 ] 
Individual lux values: 0.981903 0.999237 0.991089 0.984588 0.996704 0.991455 0.986969 0.998413 0.999084 0.90817 
Generation 187: Best fitness = 6568.29
Individual positions: [99 74 6 ] [93 86 5 ] [90 88 7 ] [90 86 6 ] [86 91 9 ] [90 94 6 ] [88 97 3 ] [89 85 6 ] [96 92 0 ] [89 73 19 ] 
Individual lux values: 0.981903 0.999237 0.991089 0.984588 0.996704 0.991455 0.986969 0.998413 0.999084 0.90817 
Generation 188: Best fitness = 6568.27
Individual positions: [99 74 6 ] [93 86 5 ] [90 88 7 ] [90 86 6 ] [86 91 9 ] [90 94 6 ] [88 97 3 ] [89 85 6 ] [96 92 0 ] [89 73 19 ] 
Individual lux values: 0.981903 0.999237 0.991089 0.99176 0.996704 0.991455 0.986969 0.998413 0.999084 0.90817 
Generation 189: Best fitness = 6568.27
Individual positions: [99 74 6 ] [93 86 5 ] [90 88 7 ] [90 86 6 ] [86 91 9 ] [90 94 6 ] [88 97 3 ] [89 85 6 ] [96 92 0 ] [89 73 19 ] 
Individual lux values: 0.981903 0.999237 0.991089 0.99176 0.996704 0.991455 0.986969 0.998413 0.999084 0.90817 
Generation 190: Best fitness = 6568.24
Individual positions: [99 74 6 ] [93 86 5 ] [90 88 7 ] [90 86 6 ] [86 91 9 ] [90 94 6 ] [88 97 3 ] [89 85 6 ] [96 92 0 ] [89 73 19 ] 
Individual lux values: 0.981903 0.999237 0.991089 0.99176 0.996704 0.991455 0.995087 0.998413 0.999084 0.90817 
Generation 191: Best fitness = 6568.24
Individual positions: [99 74 6 ] [93 86 5 ] [90 88 7 ] [90 86 6 ] [86 91 9 ] [90 94 6 ] [88 97 3 ] [89 85 6 ] [96 92 0 ] [89 73 19 ] 
Individual lux values: 0.981903 0.999237 0.991089 0.99176 0.996704 0.991455 0.995087 0.998413 0.999084 0.90817 
Generation 192: Best fitness = 6568.24
Individual positions: [99 74 6 ] [93 86 5 ] [90 88 7 ] [90 86 6 ] [86 91 9 ] [90 94 6 ] [88 97 3 ] [89 85 6 ] [96 92 0 ] [89 73 19 ] 
Individual lux values: 0.981903 0.999237 0.991089 0.99176 0.997314 0.991455 0.995087 0.998413 0.999084 0.90817 
Generation 193: Best fitness = 6568.24
Individual positions: [99 74 6 ] [93 86 5 ] [90 88 7 ] [90 86 6 ] [86 91 9 ] [90 94 6 ] [88 97 3 ] [89 85 6 ] [96 92 0 ] [89 73 19 ] 
Individual lux values: 0.981903 0.999237 0.991089 0.99176 0.997314 0.991455 0.995087 0.998413 0.999084 0.90817 
Generation 194: Best fitness = 6568.24
Individual positions: [99 74 6 ] [93 86 5 ] [90 88 7 ] [90 86 6 ] [86 91 9 ] [90 94 6 ] [88 97 3 ] [89 85 6 ] [96 92 0 ] [89 73 19 ] 
Individual lux values: 0.981903 0.999237 0.991089 0.99176 0.997314 0.991455 0.995087 0.998413 0.999084 0.90817 
Generation 195: Best fitness = 6568.24
Individual positions: [99 74 6 ] [93 86 5 ] [90 88 7 ] [90 86 6 ] [86 91 9 ] [90 94 6 ] [88 97 3 ] [89 85 6 ] [96 92 0 ] [89 73 19 ] 
Individual lux values: 0.981903 0.999237 0.991089 0.99176 0.997314 0.991455 0.995087 0.998413 0.999084 0.90817 
Generation 196: Best fitness = 6568.24
Individual positions: [99 74 6 ] [93 86 5 ] [90 88 7 ] [90 86 6 ] [86 91 9 ] [90 94 6 ] [88 97 3 ] [89 85 6 ] [96 92 0 ] [89 73 19 ] 
Individual lux values: 0.981903 0.999237 0.991089 0.99176 0.997314 0.991455 0.995087 0.998413 0.999084 0.90817 
Generation 197: Best fitness = 6568.24
Individual positions: [99 74 6 ] [93 86 5 ] [90 88 7 ] [90 86 6 ] [86 91 9 ] [90 94 6 ] [88 97 3 ] [89 85 6 ] [96 92 0 ] [89 73 19 ] 
Individual lux values: 0.981903 0.999237 0.991089 0.99176 0.997314 0.991455 0.995087 0.998413 0.999084 0.90817 
Generation 198: Best fitness = 6568.24
Individual positions: [99 74 6 ] [93 86 5 ] [90 88 7 ] [90 86 6 ] [86 91 9 ] [90 94 6 ] [88 97 3 ] [89 85 6 ] [96 92 0 ] [89 73 19 ] 
Individual lux values: 0.981903 0.999237 0.991089 0.99176 0.997314 0.991455 0.995087 0.998413 0.999084 0.90817 
Generation 199: Best fitness = 6568.24
Individual positions: [99 74 6 ] [93 86 5 ] [90 88 7 ] [90 86 6 ] [86 91 9 ] [90 94 6 ] [88 97 3 ] [89 85 6 ] [96 92 0 ] [89 73 19 ] 
Individual lux values: 0.981903 0.999237 0.991089 0.99176 0.997314 0.991455 0.995087 0.998413 0.999084 0.90817 
Generation 200: Best fitness = 6568.24
Individual positions: [99 74 6 ] [93 86 5 ] [90 88 7 ] [90 86 6 ] [86 91 9 ] [90 94 6 ] [88 97 3 ] [89 85 6 ] [96 92 0 ] [89 73 19 ] 
Individual lux values: 0.981903 0.999237 0.991089 0.99176 0.997314 0.991455 0.995087 0.998413 0.999084 0.90817 
Generation 201: Best fitness = 6559.92
Individual positions: [99 74 6 ] [89 87 4 ] [90 88 7 ] [90 86 6 ] [86 91 9 ] [90 94 6 ] [88 97 3 ] [89 85 6 ] [96 92 0 ] [89 73 19 ] 
Individual lux values: 0.981903 0.999237 0.991089 0.99176 0.997314 0.991455 0.995087 0.998413 0.999084 0.90817 
Generation 202: Best fitness = 6559.92
Individual positions: [99 74 6 ] [89 87 4 ] [90 88 7 ] [90 86 6 ] [86 91 9 ] [90 94 6 ] [88 97 3 ] [89 85 6 ] [96 92 0 ] [89 73 19 ] 
Individual lux values: 0.981903 0.999237 0.991089 0.99176 0.997314 0.991455 0.995087 0.998413 0.999084 0.90817 
Generation 203: Best fitness = 6559.92
Individual positions: [99 74 6 ] [89 87 4 ] [90 88 7 ] [90 86 6 ] [86 91 9 ] [90 94 6 ] [88 97 3 ] [89 85 6 ] [96 92 0 ] [89 73 19 ] 
Individual lux values: 0.981903 0.999237 0.991089 0.99176 0.997314 0.991455 0.995087 0.998413 0.999084 0.90817 
Generation 204: Best fitness = 6559.92
Individual positions: [99 74 6 ] [89 87 4 ] [90 88 7 ] [90 86 6 ] [86 91 9 ] [90 94 6 ] [88 97 3 ] [89 85 6 ] [96 92 0 ] [89 73 19 ] 
Individual lux values: 0.981903 0.999237 0.991089 0.99176 0.997314 0.991455 0.995087 0.998413 0.999084 0.90817 
Generation 205: Best fitness = 6559.92
Individual positions: [99 74 6 ] [89 87 4 ] [90 88 7 ] [90 86 6 ] [86 91 9 ] [90 94 6 ] [88 97 3 ] [89 85 6 ] [96 92 0 ] [89 73 19 ] 
Individual lux values: 0.981903 0.999237 0.991089 0.99176 0.997314 0.991455 0.995087 0.998413 0.999084 0.90817 
Generation 206: Best fitness = 6559.92
Individual positions: [99 74 6 ] [89 87 4 ] [90 88 7 ] [90 86 6 ] [86 91 9 ] [90 94 6 ] [88 97 3 ] [89 85 6 ] [96 92 0 ] [89 73 19 ] 
Individual lux values: 0.981903 0.999237 0.991089 0.99176 0.997314 0.991455 0.995087 0.998413 0.999084 0.90817 
Generation 207: Best fitness = 6559.92
Individual positions: [99 74 6 ] [89 87 4 ] [90 88 7 ] [90 86 6 ] [86 91 9 ] [90 94 6 ] [88 97 3 ] [89 85 6 ] [96 92 0 ] [89 73 19 ] 
Individual lux values: 0.981903 0.999237 0.991089 0.99176 0.997314 0.991455 0.995087 0.998413 0.999084 0.90817 
Generation 208: Best fitness = 6559.92
Individual positions: [99 74 6 ] [89 87 4 ] [90 88 7 ] [90 86 6 ] [86 91 9 ] [90 94 6 ] [88 97 3 ] [89 85 6 ] [96 92 0 ] [89 73 19 ] 
Individual lux values: 0.981903 0.999237 0.991089 0.99176 0.997314 0.991455 0.995087 0.998413 0.999084 0.90817 
Generation 209: Best fitness = 6559.92
Individual positions: [99 74 6 ] [89 87 4 ] [90 88 7 ] [90 86 6 ] [86 91 9 ] [90 94 6 ] [88 97 3 ] [89 85 6 ] [96 92 0 ] [89 73 19 ] 
Individual lux values: 0.981903 0.999237 0.991089 0.99176 0.997314 0.991455 0.995087 0.998413 0.999084 0.90817 
Generation 210: Best fitness = 6559.92
Individual positions: [99 74 6 ] [89 87 4 ] [90 88 7 ] [90 86 6 ] [86 91 9 ] [90 94 6 ] [88 97 3 ] [89 85 6 ] [96 92 0 ] [89 73 19 ] 
Individual lux values: 0.981903 0.999237 0.991089 0.99176 0.997314 0.991455 0.995087 0.998413 0.999084 0.90817 
Generation 211: Best fitness = 6559.92
Individual positions: [99 74 6 ] [89 87 4 ] [90 88 7 ] [90 86 6 ] [86 91 9 ] [90 94 6 ] [88 97 3 ] [89 85 6 ] [96 92 0 ] [89 73 19 ] 
Individual lux values: 0.981903 0.999237 0.991089 0.99176 0.997314 0.991455 0.995087 0.998413 0.999084 0.90817 
Generation 212: Best fitness = 6559.92
Individual positions: [99 74 6 ] [89 87 4 ] [90 88 7 ] [90 86 6 ] [86 91 9 ] [90 94 6 ] [88 97 3 ] [89 85 6 ] [96 92 0 ] [89 73 19 ] 
Individual lux values: 0.981903 0.999237 0.991089 0.99176 0.997314 0.991455 0.995087 0.998413 0.999084 0.90817 
Generation 213: Best fitness = 6559.92
Individual positions: [99 74 6 ] [89 87 4 ] [90 88 7 ] [90 86 6 ] [86 91 9 ] [90 94 6 ] [88 97 3 ] [89 85 6 ] [96 92 0 ] [89 73 19 ] 
Individual lux values: 0.981903 0.999237 0.991089 0.99176 0.997314 0.991455 0.995087 0.998413 0.999084 0.90817 
Generation 214: Best fitness = 6552.09
Individual positions: [99 74 6 ] [89 87 4 ] [93 90 3 ] [90 86 6 ] [86 91 9 ] [90 94 6 ] [88 97 3 ] [89 85 6 ] [96 92 0 ] [89 73 19 ] 
Individual lux values: 0.928831 0.608173 0.991089 0.99176 0.997314 0.991455 0.995087 0.998413 0.999084 0.90817 
Generation 215: Best fitness = 6550.76
Individual positions: [99 74 6 ] [89 87 4 ] [93 90 3 ] [90 86 6 ] [86 91 9 ] [90 94 6 ] [88 97 3 ] [89 85 6 ] [96 92 0 ] [89 73 19 ] 
Individual lux values: 0.981903 0.999237 0.991089 0.99176 0.997314 0.991455 0.995087 0.998413 0.999084 0.90817 
Generation 216: Best fitness = 6550.76
Individual positions: [99 74 6 ] [89 87 4 ] [93 90 3 ] [90 86 6 ] [86 91 9 ] [90 94 6 ] [88 97 3 ] [89 85 6 ] [96 92 0 ] [89 73 19 ] 
Individual lux values: 0.981903 0.999237 0.991089 0.99176 0.997314 0.991455 0.995087 0.998413 0.999084 0.90817 
Generation 217: Best fitness = 6550.76
Individual positions: [99 74 6 ] [89 87 4 ] [93 90 3 ] [90 86 6 ] [86 91 9 ] [90 94 6 ] [88 97 3 ] [89 85 6 ] [96 92 0 ] [89 73 19 ] 
Individual lux values: 0.981903 0.999237 0.991089 0.99176 0.997314 0.991455 0.995087 0.998413 0.999084 0.90817 
Generation 218: Best fitness = 6550.76
Individual positions: [99 74 6 ] [89 87 4 ] [93 90 3 ] [90 86 6 ] [86 91 9 ] [90 94 6 ] [88 97 3 ] [89 85 6 ] [96 92 0 ] [89 73 19 ] 
Individual lux values: 0.981903 0.999237 0.991089 0.99176 0.997314 0.991455 0.995087 0.998413 0.999084 0.90817 
Generation 219: Best fitness = 6550.76
Individual positions: [99 74 6 ] [89 87 4 ] [93 90 3 ] [90 86 6 ] [86 91 9 ] [90 94 6 ] [88 97 3 ] [89 85 6 ] [96 92 0 ] [89 73 19 ] 
Individual lux values: 0.981903 0.999237 0.991089 0.99176 0.997314 0.991455 0.995087 0.998413 0.999084 0.90817 
Generation 220: Best fitness = 6550.76
Individual positions: [99 74 6 ] [89 87 4 ] [93 90 3 ] [90 86 6 ] [86 91 9 ] [90 94 6 ] [88 97 3 ] [89 85 6 ] [96 92 0 ] [89 73 19 ] 
Individual lux values: 0.981903 0.999237 0.991089 0.99176 0.997314 0.991455 0.995087 0.998413 0.999084 0.90817 
Generation 221: Best fitness = 6550.76
Individual positions: [99 74 6 ] [89 87 4 ] [93 90 3 ] [90 86 6 ] [86 91 9 ] [90 94 6 ] [88 97 3 ] [89 85 6 ] [96 92 0 ] [89 73 19 ] 
Individual lux values: 0.981903 0.999237 0.991089 0.99176 0.997314 0.991455 0.995087 0.998413 0.999084 0.90817 
Generation 222: Best fitness = 6550.76
Individual positions: [99 74 6 ] [89 87 4 ] [93 90 3 ] [90 86 6 ] [86 91 9 ] [90 94 6 ] [88 97 3 ] [89 85 6 ] [96 92 0 ] [89 73 19 ] 
Individual lux values: 0.981903 0.999237 0.991089 0.99176 0.997314 0.991455 0.995087 0.998413 0.999084 0.90817 
Generation 223: Best fitness = 6550.76
Individual positions: [99 74 6 ] [89 87 4 ] [93 90 3 ] [90 86 6 ] [86 91 9 ] [90 94 6 ] [88 97 3 ] [89 85 6 ] [96 92 0 ] [89 73 19 ] 
Individual lux values: 0.981903 0.999237 0.991089 0.99176 0.997314 0.991455 0.995087 0.998413 0.999084 0.90817 
Generation 224: Best fitness = 6550.76
Individual positions: [99 74 6 ] [89 87 4 ] [93 90 3 ] [90 86 6 ] [86 91 9 ] [90 94 6 ] [88 97 3 ] [89 85 6 ] [96 92 0 ] [89 73 19 ] 
Individual lux values: 0.981903 0.999237 0.991089 0.99176 0.997314 0.991455 0.995087 0.998413 0.999084 0.90817 
Generation 225: Best fitness = 6550.76
Individual positions: [99 74 6 ] [89 87 4 ] [93 90 3 ] [90 86 6 ] [86 91 9 ] [90 94 6 ] [88 97 3 ] [89 85 6 ] [96 92 0 ] [89 73 19 ] 
Individual lux values: 0.981903 0.999237 0.991089 0.992523 0.997314 0.991455 0.995087 0.998413 0.999084 0.90817 
Generation 226: Best fitness = 6550.76
Individual positions: [99 74 6 ] [89 87 4 ] [93 90 3 ] [90 86 6 ] [86 91 9 ] [90 94 6 ] [88 97 3 ] [89 85 6 ] [96 92 0 ] [89 73 19 ] 
Individual lux values: 0.981903 0.999237 0.991089 0.992523 0.997314 0.991455 0.995087 0.998413 0.999084 0.90817 
Generation 227: Best fitness = 6550.76
Individual positions: [99 74 6 ] [89 87 4 ] [93 90 3 ] [90 86 6 ] [86 91 9 ] [90 94 6 ] [88 97 3 ] [89 85 6 ] [96 92 0 ] [89 73 19 ] 
Individual lux values: 0.981903 0.999237 0.991089 0.992523 0.997314 0.991455 0.995087 0.998413 0.999084 0.90817 
Generation 228: Best fitness = 5907.52
Individual positions: [91 77 5 ] [89 87 4 ] [93 90 3 ] [90 86 6 ] [86 91 9 ] [90 94 6 ] [88 97 3 ] [89 85 6 ] [96 92 0 ] [89 73 19 ] 
Individual lux values: 0.981903 0.999237 0.991089 0.99176 0.997314 0.991455 0.995087 0.998413 0.999084 0.90817 
Generation 229: Best fitness = 5907.52
Individual positions: [91 77 5 ] [89 87 4 ] [93 90 3 ] [90 86 6 ] [86 91 9 ] [90 94 6 ] [88 97 3 ] [89 85 6 ] [96 92 0 ] [89 73 19 ] 
Individual lux values: 0.981903 0.999237 0.991089 0.992523 0.997314 0.991455 0.995087 0.998413 0.999084 0.90817 
Generation 230: Best fitness = 5907.52
Individual positions: [91 77 5 ] [89 87 4 ] [93 90 3 ] [90 86 6 ] [86 91 9 ] [90 94 6 ] [88 97 3 ] [89 85 6 ] [96 92 0 ] [89 73 19 ] 
Individual lux values: 0.981903 0.999237 0.991089 0.992523 0.997314 0.991455 0.995087 0.998413 0.999084 0.90817 
Generation 231: Best fitness = 5872.74
Individual positions: [91 77 5 ] [89 87 4 ] [93 90 3 ] [90 86 6 ] [86 91 9 ] [90 94 6 ] [92 82 3 ] [89 85 6 ] [96 92 0 ] [89 73 19 ] 
Individual lux values: 0.981903 0.999237 0.991089 0.992523 0.997314 0.991455 0.995087 0.998413 0.999084 0.90817 
Generation 232: Best fitness = 5872.74
Individual positions: [91 77 5 ] [89 87 4 ] [93 90 3 ] [90 86 6 ] [86 91 9 ] [90 94 6 ] [92 82 3 ] [89 85 6 ] [96 92 0 ] [89 73 19 ] 
Individual lux values: 0.981903 0.999237 0.991089 0.992523 0.997314 0.991455 0.995087 0.998413 0.999084 0.90817 
Generation 233: Best fitness = 5872.74
Individual positions: [91 77 5 ] [89 87 4 ] [93 90 3 ] [90 86 6 ] [86 91 9 ] [90 94 6 ] [92 82 3 ] [89 85 6 ] [96 92 0 ] [89 73 19 ] 
Individual lux values: 0.981903 0.999237 0.991089 0.992523 0.997314 0.991455 0.995087 0.998413 0.999084 0.90817 
Generation 234: Best fitness = 5872.74
Individual positions: [91 77 5 ] [89 87 4 ] [93 90 3 ] [90 86 6 ] [86 91 9 ] [90 94 6 ] [92 82 3 ] [89 85 6 ] [96 92 0 ] [89 73 19 ] 
Individual lux values: 0.981903 0.999237 0.991089 0.992523 0.997314 0.991455 0.995087 0.998413 0.999084 0.90817 
Generation 235: Best fitness = 5872.74
Individual positions: [91 77 5 ] [89 87 4 ] [93 90 3 ] [90 86 6 ] [86 91 9 ] [90 94 6 ] [92 82 3 ] [89 85 6 ] [96 92 0 ] [89 73 19 ] 
Individual lux values: 0.981903 0.999237 0.991089 0.992523 0.997314 0.991455 0.995087 0.998413 0.999084 0.90817 
Generation 236: Best fitness = 5872.74
Individual positions: [91 77 5 ] [89 87 4 ] [93 90 3 ] [90 86 6 ] [86 91 9 ] [90 94 6 ] [92 82 3 ] [89 85 6 ] [96 92 0 ] [89 73 19 ] 
Individual lux values: 0.981903 0.999237 0.991089 0.992523 0.997314 0.991455 0.995087 0.998413 0.999084 0.90817 
Generation 237: Best fitness = 5872.74
Individual positions: [91 77 5 ] [89 87 4 ] [93 90 3 ] [90 86 6 ] [86 91 9 ] [90 94 6 ] [92 82 3 ] [89 85 6 ] [96 92 0 ] [89 73 19 ] 
Individual lux values: 0.981903 0.999237 0.991089 0.992523 0.997314 0.991455 0.995087 0.998413 0.999084 0.90817 
Generation 238: Best fitness = 5872.74
Individual positions: [91 77 5 ] [89 87 4 ] [93 90 3 ] [90 86 6 ] [86 91 9 ] [90 94 6 ] [92 82 3 ] [89 85 6 ] [96 92 0 ] [89 73 19 ] 
Individual lux values: 0.981903 0.999237 0.991089 0.992523 0.997314 0.991455 0.995087 0.998413 0.999084 0.90817 
Generation 239: Best fitness = 5872.74
Individual positions: [91 77 5 ] [89 87 4 ] [93 90 3 ] [90 86 6 ] [86 91 9 ] [90 94 6 ] [92 82 3 ] [89 85 6 ] [96 92 0 ] [89 73 19 ] 
Individual lux values: 0.981903 0.999237 0.991089 0.992523 0.997314 0.991455 0.995087 0.998413 0.999084 0.90817 
Generation 240: Best fitness = 5872.74
Individual positions: [91 77 5 ] [89 87 4 ] [93 90 3 ] [90 86 6 ] [86 91 9 ] [90 94 6 ] [92 82 3 ] [89 85 6 ] [96 92 0 ] [89 73 19 ] 
Individual lux values: 0.981903 0.999237 0.991089 0.992523 0.997314 0.991455 0.995087 0.998413 0.999084 0.90817 
Generation 241: Best fitness = 5872.74
Individual positions: [91 77 5 ] [89 87 4 ] [93 90 3 ] [90 86 6 ] [86 91 9 ] [90 94 6 ] [92 82 3 ] [89 85 6 ] [96 92 0 ] [89 73 19 ] 
Individual lux values: 0.981903 0.999237 0.991089 0.992523 0.997314 0.99176 0.995087 0.998413 0.999084 0.90817 
Generation 242: Best fitness = 5872.74
Individual positions: [91 77 5 ] [89 87 4 ] [93 90 3 ] [90 86 6 ] [86 91 9 ] [90 94 6 ] [92 82 3 ] [89 85 6 ] [96 92 0 ] [89 73 19 ] 
Individual lux values: 0.981903 0.999237 0.991089 0.992523 0.997314 0.99176 0.995087 0.998413 0.999084 0.90817 
Generation 243: Best fitness = 5872.74
Individual positions: [91 77 5 ] [89 87 4 ] [93 90 3 ] [90 86 6 ] [86 91 9 ] [90 94 6 ] [92 82 3 ] [89 85 6 ] [96 92 0 ] [89 73 19 ] 
Individual lux values: 0.981903 0.999237 0.991089 0.992523 0.997314 0.99176 0.995087 0.998413 0.999084 0.90817 
Generation 244: Best fitness = 5872.74
Individual positions: [91 77 5 ] [89 87 4 ] [93 90 3 ] [90 86 6 ] [86 91 9 ] [90 94 6 ] [92 82 3 ] [89 85 6 ] [96 92 0 ] [89 73 19 ] 
Individual lux values: 0.981903 0.999237 0.991089 0.992523 0.997314 0.99176 0.995087 0.998413 0.999084 0.90817 
Generation 245: Best fitness = 5872.74
Individual positions: [91 77 5 ] [89 87 4 ] [93 90 3 ] [90 86 6 ] [86 91 9 ] [90 94 6 ] [92 82 3 ] [89 85 6 ] [96 92 0 ] [89 73 19 ] 
Individual lux values: 0.981903 0.999237 0.991089 0.992523 0.997314 0.99176 0.995087 0.998413 0.999084 0.90817 
Generation 246: Best fitness = 5872.74
Individual positions: [91 77 5 ] [89 87 4 ] [93 90 3 ] [90 86 6 ] [86 91 9 ] [90 94 6 ] [92 82 3 ] [89 85 6 ] [96 92 0 ] [89 73 19 ] 
Individual lux values: 0.981903 0.999237 0.991089 0.992523 0.997314 0.99176 0.995087 0.998413 0.999084 0.90817 
Generation 247: Best fitness = 5872.69
Individual positions: [91 77 5 ] [89 87 4 ] [93 90 3 ] [90 86 6 ] [86 91 9 ] [90 94 6 ] [92 82 3 ] [89 85 6 ] [96 92 0 ] [89 73 19 ] 
Individual lux values: 0.996063 0.999237 0.991089 0.992523 0.997314 0.99176 0.995087 0.998413 0.999084 0.90817 
Generation 248: Best fitness = 5872.69
Individual positions: [91 77 5 ] [89 87 4 ] [93 90 3 ] [90 86 6 ] [86 91 9 ] [90 94 6 ] [92 82 3 ] [89 85 6 ] [96 92 0 ] [89 73 19 ] 
Individual lux values: 0.996063 0.999237 0.991089 0.992523 0.997314 0.99176 0.995087 0.998413 0.999084 0.90817 
Generation 249: Best fitness = 5872.69
Individual positions: [91 77 5 ] [89 87 4 ] [93 90 3 ] [90 86 6 ] [86 91 9 ] [90 94 6 ] [92 82 3 ] [89 85 6 ] [96 92 0 ] [89 73 19 ] 
Individual lux values: 0.996063 0.999237 0.991089 0.992523 0.997314 0.99176 0.995087 0.998413 0.999084 0.90817 
Generation 250: Best fitness = 5872.68
Individual positions: [91 77 5 ] [89 87 4 ] [93 90 3 ] [90 86 6 ] [86 91 9 ] [90 94 6 ] [92 82 3 ] [89 85 6 ] [96 92 0 ] [89 73 19 ] 
Individual lux values: 0.996063 0.999237 0.996521 0.992523 0.997314 0.99176 0.995087 0.998413 0.999084 0.90817 
Generation 251: Best fitness = 5872.68
Individual positions: [91 77 5 ] [89 87 4 ] [93 90 3 ] [90 86 6 ] [86 91 9 ] [90 94 6 ] [92 82 3 ] [89 85 6 ] [96 92 0 ] [89 73 19 ] 
Individual lux values: 0.996063 0.999237 0.996521 0.992523 0.997314 0.99176 0.995087 0.998413 0.999084 0.90817 
Generation 252: Best fitness = 5872.68
Individual positions: [91 77 5 ] [89 87 4 ] [93 90 3 ] [90 86 6 ] [86 91 9 ] [90 94 6 ] [92 82 3 ] [89 85 6 ] [96 92 0 ] [89 73 19 ] 
Individual lux values: 0.996063 0.999237 0.996521 0.992523 0.997314 0.99176 0.995087 0.998413 0.999084 0.90817 
Generation 253: Best fitness = 5872.68
Individual positions: [91 77 5 ] [89 87 4 ] [93 90 3 ] [90 86 6 ] [86 91 9 ] [90 94 6 ] [92 82 3 ] [89 85 6 ] [96 92 0 ] [89 73 19 ] 
Individual lux values: 0.996063 0.999237 0.996521 0.992523 0.997314 0.99176 0.995087 0.998413 0.999084 0.90817 
Generation 254: Best fitness = 5872.68
Individual positions: [91 77 5 ] [89 87 4 ] [93 90 3 ] [90 86 6 ] [86 91 9 ] [90 94 6 ] [92 82 3 ] [89 85 6 ] [96 92 0 ] [89 73 19 ] 
Individual lux values: 0.996063 0.999237 0.996521 0.992523 0.997314 0.99176 0.995087 0.998413 0.999084 0.90817 
Generation 255: Best fitness = 5872.68
Individual positions: [91 77 5 ] [89 87 4 ] [93 90 3 ] [90 86 6 ] [86 91 9 ] [90 94 6 ] [92 82 3 ] [89 85 6 ] [96 92 0 ] [89 73 19 ] 
Individual lux values: 0.996063 0.999237 0.996521 0.992523 0.997314 0.99176 0.995087 0.998413 0.999084 0.90817 
Generation 256: Best fitness = 5872.68
Individual positions: [91 77 5 ] [89 87 4 ] [93 90 3 ] [90 86 6 ] [86 91 9 ] [90 94 6 ] [92 82 3 ] [89 85 6 ] [96 92 0 ] [89 73 19 ] 
Individual lux values: 0.996063 0.999237 0.996521 0.992523 0.997314 0.99176 0.995087 0.998413 0.999084 0.90817 
Generation 257: Best fitness = 5872.68
Individual positions: [91 77 5 ] [89 87 4 ] [93 90 3 ] [90 86 6 ] [86 91 9 ] [90 94 6 ] [92 82 3 ] [89 85 6 ] [96 92 0 ] [89 73 19 ] 
Individual lux values: 0.996063 0.999237 0.996521 0.992523 0.997314 0.99176 0.995087 0.998413 0.999084 0.90817 
Generation 258: Best fitness = 5872.68
Individual positions: [91 77 5 ] [89 87 4 ] [93 90 3 ] [90 86 6 ] [86 91 9 ] [90 94 6 ] [92 82 3 ] [89 85 6 ] [96 92 0 ] [89 73 19 ] 
Individual lux values: 0.996063 0.999237 0.996521 0.992523 0.997314 0.99176 0.995087 0.998413 0.999084 0.90817 
Generation 259: Best fitness = 5872.68
Individual positions: [91 77 5 ] [89 87 4 ] [93 90 3 ] [90 86 6 ] [86 91 9 ] [90 94 6 ] [92 82 3 ] [89 85 6 ] [96 92 0 ] [89 73 19 ] 
Individual lux values: 0.996063 0.999237 0.996521 0.992523 0.997314 0.99176 0.995087 0.998413 0.999084 0.90817 
Generation 260: Best fitness = 5872.68
Individual positions: [91 77 5 ] [89 87 4 ] [93 90 3 ] [90 86 6 ] [86 91 9 ] [90 94 6 ] [92 82 3 ] [89 85 6 ] [96 92 0 ] [89 73 19 ] 
Individual lux values: 0.996063 0.999237 0.996521 0.992523 0.997314 0.99176 0.995087 0.998413 0.999084 0.90817 
Generation 261: Best fitness = 5872.68
Individual positions: [91 77 5 ] [89 87 4 ] [93 90 3 ] [90 86 6 ] [86 91 9 ] [90 94 6 ] [92 82 3 ] [89 85 6 ] [96 92 0 ] [89 73 19 ] 
Individual lux values: 0.996063 0.999237 0.996521 0.992523 0.997314 0.99176 0.995087 0.998413 0.999084 0.90817 
Generation 262: Best fitness = 5835.18
Individual positions: [91 77 5 ] [89 87 4 ] [93 90 3 ] [90 86 6 ] [86 91 9 ] [90 94 6 ] [97 86 2 ] [89 85 6 ] [96 92 0 ] [89 73 19 ] 
Individual lux values: 0.996063 0.999237 0.996521 0.992523 0.997314 0.99176 0.256081 0.402783 0.999084 0.90817 
Generation 263: Best fitness = 5831.18
Individual positions: [91 77 5 ] [89 87 4 ] [93 90 3 ] [90 86 6 ] [86 91 9 ] [90 94 6 ] [97 86 2 ] [89 85 6 ] [96 92 0 ] [89 73 19 ] 
Individual lux values: 0.996063 0.999237 0.996521 0.992523 0.997314 0.99176 0.995087 0.998413 0.999084 0.90817 
Generation 264: Best fitness = 5831.18
Individual positions: [91 77 5 ] [89 87 4 ] [93 90 3 ] [90 86 6 ] [86 91 9 ] [90 94 6 ] [97 86 2 ] [89 85 6 ] [96 92 0 ] [89 73 19 ] 
Individual lux values: 0.996063 0.999237 0.996521 0.992523 0.997314 0.99176 0.995087 0.998413 0.999084 0.90817 
Generation 265: Best fitness = 5831.17
Individual positions: [91 77 5 ] [89 87 4 ] [93 90 3 ] [90 86 6 ] [86 91 9 ] [90 94 6 ] [97 86 2 ] [89 85 6 ] [96 92 0 ] [89 73 19 ] 
Individual lux values: 0.996063 0.999237 0.998321 0.992523 0.997314 0.99176 0.995087 0.998413 0.999084 0.90817 
Generation 266: Best fitness = 5831.17
Individual positions: [91 77 5 ] [89 87 4 ] [93 90 3 ] [90 86 6 ] [86 91 9 ] [90 94 6 ] [97 86 2 ] [89 85 6 ] [96 92 0 ] [89 73 19 ] 
Individual lux values: 0.996063 0.999237 0.998321 0.992523 0.997314 0.99176 0.995087 0.998413 0.999084 0.90817 
Generation 267: Best fitness = 5831.17
Individual positions: [91 77 5 ] [89 87 4 ] [93 90 3 ] [90 86 6 ] [86 91 9 ] [90 94 6 ] [97 86 2 ] [89 85 6 ] [96 92 0 ] [89 73 19 ] 
Individual lux values: 0.996063 0.999237 0.998321 0.992523 0.997314 0.99176 0.995087 0.998413 0.999084 0.90817 
Generation 268: Best fitness = 5831.17
Individual positions: [91 77 5 ] [89 87 4 ] [93 90 3 ] [90 86 6 ] [86 91 9 ] [90 94 6 ] [97 86 2 ] [89 85 6 ] [96 92 0 ] [89 73 19 ] 
Individual lux values: 0.996063 0.999237 0.998321 0.992523 0.997314 0.99176 0.995087 0.998413 0.999084 0.90817 
Generation 269: Best fitness = 5831.17
Individual positions: [91 77 5 ] [89 87 4 ] [93 90 3 ] [90 86 6 ] [86 91 9 ] [90 94 6 ] [97 86 2 ] [89 85 6 ] [96 92 0 ] [89 73 19 ] 
Individual lux values: 0.996063 0.999237 0.998321 0.992523 0.997314 0.99176 0.995087 0.998413 0.999084 0.90817 
Generation 270: Best fitness = 5831.17
Individual positions: [91 77 5 ] [89 87 4 ] [93 90 3 ] [90 86 6 ] [86 91 9 ] [90 94 6 ] [97 86 2 ] [89 85 6 ] [96 92 0 ] [89 73 19 ] 
Individual lux values: 0.996063 0.999237 0.998321 0.992523 0.997314 0.99176 0.995087 0.998413 0.999084 0.90817 
Generation 271: Best fitness = 5831.17
Individual positions: [91 77 5 ] [89 87 4 ] [93 90 3 ] [90 86 6 ] [86 91 9 ] [90 94 6 ] [97 86 2 ] [89 85 6 ] [96 92 0 ] [89 73 19 ] 
Individual lux values: 0.996063 0.999237 0.998321 0.992523 0.997314 0.99176 0.995087 0.998413 0.999084 0.90817 
Generation 272: Best fitness = 5831.17
Individual positions: [91 77 5 ] [89 87 4 ] [93 90 3 ] [90 86 6 ] [86 91 9 ] [90 94 6 ] [97 86 2 ] [89 85 6 ] [96 92 0 ] [89 73 19 ] 
Individual lux values: 0.996063 0.999237 0.998321 0.992523 0.997314 0.99176 0.995087 0.998413 0.999084 0.90817 
Generation 273: Best fitness = 5831.17
Individual positions: [91 77 5 ] [89 87 4 ] [93 90 3 ] [90 86 6 ] [86 91 9 ] [90 94 6 ] [97 86 2 ] [89 85 6 ] [96 92 0 ] [89 73 19 ] 
Individual lux values: 0.996063 0.999237 0.998321 0.992523 0.997314 0.99176 0.995087 0.998413 0.999084 0.90817 
Generation 274: Best fitness = 5831.17
Individual positions: [91 77 5 ] [89 87 4 ] [93 90 3 ] [90 86 6 ] [86 91 9 ] [90 94 6 ] [97 86 2 ] [89 85 6 ] [96 92 0 ] [89 73 19 ] 
Individual lux values: 0.996063 0.999237 0.998321 0.992523 0.997314 0.99176 0.995087 0.998413 0.999084 0.90817 
Generation 275: Best fitness = 5831.17
Individual positions: [91 77 5 ] [89 87 4 ] [93 90 3 ] [90 86 6 ] [86 91 9 ] [90 94 6 ] [97 86 2 ] [89 85 6 ] [96 92 0 ] [89 73 19 ] 
Individual lux values: 0.996063 0.999237 0.998321 0.992523 0.997314 0.99176 0.995087 0.998413 0.999084 0.90817 
Generation 276: Best fitness = 5831.17
Individual positions: [91 77 5 ] [89 87 4 ] [93 90 3 ] [90 86 6 ] [86 91 9 ] [90 94 6 ] [97 86 2 ] [89 85 6 ] [96 92 0 ] [89 73 19 ] 
Individual lux values: 0.996063 0.999237 0.998321 0.992523 0.997314 0.99176 0.995087 0.998413 0.999084 0.90817 
Generation 277: Best fitness = 5736.11
Individual positions: [98 86 14 ] [89 87 4 ] [93 90 3 ] [90 86 6 ] [86 91 9 ] [90 94 6 ] [97 86 2 ] [89 85 6 ] [96 92 0 ] [89 73 19 ] 
Individual lux values: 0.996063 0.999237 0.998321 0.992523 0.997314 0.99176 0.995087 0.442793 0.0297861 0.90817 
Generation 278: Best fitness = 5731.53
Individual positions: [98 86 14 ] [89 87 4 ] [93 90 3 ] [90 86 6 ] [86 91 9 ] [90 94 6 ] [97 86 2 ] [89 85 6 ] [96 92 0 ] [89 73 19 ] 
Individual lux values: 0.996063 0.999237 0.998321 0.992523 0.997314 0.99176 0.995087 0.998413 0.999084 0.90817 
Generation 279: Best fitness = 5731.53
Individual positions: [98 86 14 ] [89 87 4 ] [93 90 3 ] [90 86 6 ] [86 91 9 ] [90 94 6 ] [97 86 2 ] [89 85 6 ] [96 92 0 ] [89 73 19 ] 
Individual lux values: 0.996063 0.999237 0.998321 0.992523 0.997314 0.99176 0.995087 0.998413 0.999084 0.90817 
Generation 280: Best fitness = 5731.53
Individual positions: [98 86 14 ] [89 87 4 ] [93 90 3 ] [90 86 6 ] [86 91 9 ] [90 94 6 ] [97 86 2 ] [89 85 6 ] [96 92 0 ] [89 73 19 ] 
Individual lux values: 0.996063 0.999237 0.998321 0.992523 0.997314 0.99176 0.995087 0.998413 0.999084 0.90817 
Generation 281: Best fitness = 5731.52
Individual positions: [98 86 14 ] [89 87 4 ] [93 90 3 ] [90 86 6 ] [86 91 9 ] [90 94 6 ] [97 86 2 ] [89 85 6 ] [96 92 0 ] [89 73 19 ] 
Individual lux values: 0.996063 0.999237 0.998321 0.996612 0.997314 0.99176 0.995087 0.998413 0.999084 0.90817 
Generation 282: Best fitness = 5731.52
Individual positions: [98 86 14 ] [89 87 4 ] [93 90 3 ] [90 86 6 ] [86 91 9 ] [90 94 6 ] [97 86 2 ] [89 85 6 ] [96 92 0 ] [89 73 19 ] 
Individual lux values: 0.996063 0.999237 0.998321 0.996612 0.997314 0.99176 0.995087 0.998413 0.999084 0.90817 
Generation 283: Best fitness = 5731.52
Individual positions: [98 86 14 ] [89 87 4 ] [93 90 3 ] [90 86 6 ] [86 91 9 ] [90 94 6 ] [97 86 2 ] [89 85 6 ] [96 92 0 ] [89 73 19 ] 
Individual lux values: 0.996063 0.999237 0.998321 0.996612 0.997314 0.99176 0.995087 0.998413 0.999084 0.90817 
Generation 284: Best fitness = 5731.52
Individual positions: [98 86 14 ] [89 87 4 ] [93 90 3 ] [90 86 6 ] [86 91 9 ] [90 94 6 ] [97 86 2 ] [89 85 6 ] [96 92 0 ] [89 73 19 ] 
Individual lux values: 0.996063 0.999237 0.998321 0.996612 0.997314 0.99176 0.995087 0.998413 0.999084 0.90817 
Generation 285: Best fitness = 5731.52
Individual positions: [98 86 14 ] [89 87 4 ] [93 90 3 ] [90 86 6 ] [86 91 9 ] [90 94 6 ] [97 86 2 ] [89 85 6 ] [96 92 0 ] [89 73 19 ] 
Individual lux values: 0.996063 0.999237 0.998321 0.996612 0.997314 0.99176 0.995087 0.998413 0.999084 0.90817 
Generation 286: Best fitness = 5625.14
Individual positions: [98 86 14 ] [89 87 4 ] [93 90 3 ] [90 86 6 ] [86 91 9 ] [90 94 6 ] [86 90 5 ] [89 85 6 ] [96 92 0 ] [89 73 19 ] 
Individual lux values: 0.996063 0.999237 0.998321 0.996612 0.997314 0.99176 0.995087 0.998413 0.999084 0.90817 
Generation 287: Best fitness = 5625.14
Individual positions: [98 86 14 ] [89 87 4 ] [93 90 3 ] [90 86 6 ] [86 91 9 ] [90 94 6 ] [86 90 5 ] [89 85 6 ] [96 92 0 ] [89 73 19 ] 
Individual lux values: 0.996063 0.999237 0.998321 0.996612 0.997314 0.99176 0.995087 0.998413 0.999084 0.90817 
Generation 288: Best fitness = 5625.14
Individual positions: [98 86 14 ] [89 87 4 ] [93 90 3 ] [90 86 6 ] [86 91 9 ] [90 94 6 ] [86 90 5 ] [89 85 6 ] [96 92 0 ] [89 73 19 ] 
Individual lux values: 0.996063 0.999237 0.998321 0.996612 0.997314 0.99176 0.995087 0.998413 0.999084 0.90817 
Generation 289: Best fitness = 5625.14
Individual positions: [98 86 14 ] [89 87 4 ] [93 90 3 ] [90 86 6 ] [86 91 9 ] [90 94 6 ] [86 90 5 ] [89 85 6 ] [96 92 0 ] [89 73 19 ] 
Individual lux values: 0.996063 0.999237 0.998321 0.996612 0.997314 0.99176 0.995087 0.998413 0.999084 0.90817 
Generation 290: Best fitness = 5625.14
Individual positions: [98 86 14 ] [89 87 4 ] [93 90 3 ] [90 86 6 ] [86 91 9 ] [90 94 6 ] [86 90 5 ] [89 85 6 ] [96 92 0 ] [89 73 19 ] 
Individual lux values: 0.996063 0.999237 0.998321 0.996612 0.997314 0.99176 0.995087 0.998413 0.999084 0.90817 
Generation 291: Best fitness = 5625.14
Individual positions: [98 86 14 ] [89 87 4 ] [93 90 3 ] [90 86 6 ] [86 91 9 ] [90 94 6 ] [86 90 5 ] [89 85 6 ] [96 92 0 ] [89 73 19 ] 
Individual lux values: 0.996063 0.999237 0.998321 0.996612 0.997314 0.99176 0.995087 0.998413 0.999084 0.90817 
Generation 292: Best fitness = 5625.14
Individual positions: [98 86 14 ] [89 87 4 ] [93 90 3 ] [90 86 6 ] [86 91 9 ] [90 94 6 ] [86 90 5 ] [89 85 6 ] [96 92 0 ] [89 73 19 ] 
Individual lux values: 0.996063 0.999237 0.998321 0.996612 0.997314 0.99176 0.995087 0.998413 0.999084 0.90817 
Generation 293: Best fitness = 5625.14
Individual positions: [98 86 14 ] [89 87 4 ] [93 90 3 ] [90 86 6 ] [86 91 9 ] [90 94 6 ] [86 90 5 ] [89 85 6 ] [96 92 0 ] [89 73 19 ] 
Individual lux values: 0.996063 0.999237 0.998321 0.996612 0.997314 0.99176 0.995087 0.998413 0.999084 0.90817 
Generation 294: Best fitness = 5625.14
Individual positions: [98 86 14 ] [89 87 4 ] [93 90 3 ] [90 86 6 ] [86 91 9 ] [90 94 6 ] [86 90 5 ] [89 85 6 ] [96 92 0 ] [89 73 19 ] 
Individual lux values: 0.996063 0.999237 0.998321 0.996612 0.997314 0.99176 0.995087 0.998413 0.999084 0.90817 
Generation 295: Best fitness = 5625.14
Individual positions: [98 86 14 ] [89 87 4 ] [93 90 3 ] [90 86 6 ] [86 91 9 ] [90 94 6 ] [86 90 5 ] [89 85 6 ] [96 92 0 ] [89 73 19 ] 
Individual lux values: 0.996063 0.999237 0.998321 0.996612 0.997314 0.99176 0.995087 0.998413 0.999084 0.90817 
Generation 296: Best fitness = 5625.14
Individual positions: [98 86 14 ] [89 87 4 ] [93 90 3 ] [90 86 6 ] [86 91 9 ] [90 94 6 ] [86 90 5 ] [89 85 6 ] [96 92 0 ] [89 73 19 ] 
Individual lux values: 0.996063 0.999237 0.998321 0.996612 0.997314 0.99176 0.995087 0.998413 0.999084 0.90817 
Generation 297: Best fitness = 5625.14
Individual positions: [98 86 14 ] [89 87 4 ] [93 90 3 ] [90 86 6 ] [86 91 9 ] [90 94 6 ] [86 90 5 ] [89 85 6 ] [96 92 0 ] [89 73 19 ] 
Individual lux values: 0.996063 0.999237 0.998321 0.996612 0.997314 0.99176 0.995087 0.998413 0.999084 0.90817 
Generation 298: Best fitness = 5625.14
Individual positions: [98 86 14 ] [89 87 4 ] [93 90 3 ] [90 86 6 ] [86 91 9 ] [90 94 6 ] [86 90 5 ] [89 85 6 ] [96 92 0 ] [89 73 19 ] 
Individual lux values: 0.996063 0.999237 0.998321 0.996612 0.997314 0.99176 0.995087 0.998413 0.999084 0.90817 
Generation 299: Best fitness = 5625.14
Individual positions: [98 86 14 ] [89 87 4 ] [93 90 3 ] [90 86 6 ] [86 91 9 ] [90 94 6 ] [86 90 5 ] [89 85 6 ] [96 92 0 ] [89 73 19 ] 
Individual lux values: 0.996063 0.999237 0.998321 0.996612 0.997314 0.99176 0.995087 0.998413 0.999084 0.90817 
